0.062575 0.996845 0.048831 378.442593 5 990
-0.110861 -0.891133 0.439991 40.152747 7 1053
-0.962202 -0.185853 0.199062 20.197540 31 294
-0.825996 0.547358 0.134648 11.905158 38 72
0.170201 -0.147634 0.974287 10.723633 38 641
0.110900 0.992561 0.050231 346.948591 39 1333
-0.216228 -0.976006 0.025644 208.564215 46 930
0.088310 0.991456 0.096001 245.741371 62 1684
-0.715054 -0.694512 -0.079695 27.128049 63 214
-0.288065 0.841979 0.456169 15.132473 72 475
0.697041 -0.484247 0.528808 16.726093 72 641
-0.925158 0.377569 0.039040 10.951102 74 112
0.147406 0.985729 0.081297 254.845438 76 1384
0.302437 0.166454 0.938523 13.477834 90 882
-0.002307 0.999233 0.039099 405.391490 117 1178
0.856132 -0.272970 0.438778 10.078913 133 504
0.144731 -0.453795 0.879274 15.137758 140 891
-0.007256 0.999778 0.019770 729.292873 140 1137
0.119740 -0.989722 0.078189 141.498420 141 1094
-0.650915 -0.444276 0.615572 19.414413 150 852
-0.030042 -0.340925 0.939610 11.450173 152 855
0.030902 0.998994 0.032494 645.206716 157 1535
0.028984 0.998007 0.056051 255.914646 166 1112
-0.739542 -0.558137 0.376247 16.872466 170 643
0.040150 0.998673 0.032252 395.626535 177 1067
0.182533 0.580163 0.793784 26.068030 209 530
0.009416 -0.993558 0.112934 88.288768 212 1154
-0.940031 -0.079020 0.331810 14.724798 218 623
0.020916 0.999307 0.030778 282.272666 243 1005
0.270711 -0.954931 0.121746 134.188252 248 1340
0.030865 0.999347 0.018804 484.851192 251 1075
-0.345237 0.931859 0.111582 18.791075 252 323
0.025724 0.999468 0.020040 620.205220 280 1144
0.185946 0.981736 0.040222 462.194884 283 1528
0.012173 0.999146 0.039491 311.375932 287 1214
0.275230 -0.955261 0.108280 242.824114 294 1791
0.151897 0.986740 0.057191 494.499342 298 1896
0.034037 -0.999127 0.024241 607.721702 300 1278
0.057026 -0.997994 0.027513 705.928672 300 1642
0.970890 0.135316 0.197643 97.321768 307 1650
-0.028464 -0.872228 0.488270 53.684273 310 1492
0.084227 0.995428 0.045041 325.392845 311 1238
-0.012684 -0.999457 0.030417 333.233973 312 1180
0.741671 0.621775 0.251635 66.906548 320 1550
0.278935 0.939708 0.197850 92.124831 323 1550
-0.009195 0.978955 0.203869 25.307558 332 665
-0.294937 0.955507 0.004309 22.134654 342 418
0.187546 0.979052 0.079271 262.406210 342 1719
0.078035 0.995953 0.044582 514.455899 342 1819
-0.140445 -0.975768 0.167786 18.007346 357 694
-0.094810 0.927216 0.362328 32.987449 362 447
0.369403 -0.923693 0.101652 249.732497 362 2046
0.473472 -0.871477 -0.127871 15.471268 403 575
0.046509 0.998391 -0.032442 450.326305 421 1082
0.585485 0.810473 0.018448 253.510159 421 2198
0.347041 -0.937452 0.027330 425.643285 421 2539
0.569134 -0.813894 0.116890 239.040027 421 3403
0.509960 0.850533 0.128586 286.603199 421 3967
0.699515 -0.712144 0.059420 13.871743 425 588
-0.813281 0.456635 0.360637 10.460622 430 887
0.125541 -0.851631 0.508885 9.634326 431 830
0.221059 -0.946357 0.235672 22.581942 434 892
-0.012573 0.999792 0.016084 717.881643 435 1137
0.041063 0.999129 0.007422 777.096883 440 1365
0.295940 0.954229 0.043206 368.086252 440 1832
0.156729 -0.986541 0.046606 202.957306 489 1010
0.134316 -0.989712 0.049295 178.854851 490 1010
-0.559322 0.828912 -0.007963 20.175491 491 573
0.370088 -0.922799 0.107133 19.782288 491 657
0.126953 -0.976632 0.173415 135.787846 497 1655
0.663157 -0.736794 0.131745 146.905618 521 1665
-0.921743 0.386078 0.036529 777.737971 530 2974
-0.992015 0.122934 0.028171 777.848728 541 1786
0.461234 0.885072 0.062530 158.625868 548 1478
-0.025392 -0.999520 0.017774 301.585158 550 985
0.253354 -0.870459 0.422035 29.089510 557 637
0.029922 -0.998263 0.050758 229.385403 569 1289
0.262124 -0.963070 0.061549 427.009556 571 2302
0.039574 -0.998961 0.022612 528.754498 572 1393
-0.112494 -0.993652 -0.000130 135.265609 578 1015
0.119596 -0.988790 0.089398 167.596021 582 1557
0.729033 -0.554363 0.401488 69.121295 587 1770
0.858586 -0.126386 0.496847 37.585109 592 1613
0.520682 0.833538 0.184675 157.888799 596 1565
0.162097 -0.986240 0.032493 723.450747 599 1940
0.497267 0.863821 0.080864 197.111365 601 1833
0.097811 -0.993387 0.060128 191.571016 608 1213
-0.025419 0.999352 0.025501 220.168755 619 1102
-0.723860 0.149661 -0.673520 20.948740 628 793
0.803241 -0.595589 0.008771 126.074538 637 1336
0.720968 0.685380 0.102273 149.742333 637 2064
0.405694 -0.910863 0.075776 483.127872 637 3172
0.117169 0.991400 0.058284 288.731876 642 1587
-0.102116 0.994768 -0.003098 20.895811 664 744
0.283033 0.955458 0.083619 149.532617 665 1442
0.100274 0.994606 0.026527 282.088622 668 1300
0.040873 -0.999010 0.017559 223.237574 696 968
0.096231 -0.995306 0.010273 265.275937 703 974
0.126549 0.984307 0.122981 55.759937 703 1147
0.012262 0.999919 0.003345 782.287416 706 1040
0.150928 0.986319 0.066306 387.951935 715 1422
0.018969 0.999479 0.026130 595.741685 719 1639
0.010305 0.999941 0.003371 662.936056 733 1008
0.089653 0.995573 0.028236 377.829647 734 1392
0.116314 0.992000 0.049067 98.844360 736 1120
0.872833 0.380641 0.305411 21.307895 739 1187
0.486823 -0.868571 0.092674 130.120768 752 1400
0.004624 -0.999760 0.021391 576.440165 755 1610
0.015831 -0.999753 0.015580 256.049779 758 1085
0.082007 0.995706 0.042943 10.915629 760 761
0.203216 0.978946 0.019181 140.999555 777 978
0.093207 -0.994608 0.045478 302.954372 778 1572
0.370700 -0.914344 0.162961 20.994843 779 909
0.162334 0.979703 0.117599 153.093248 783 1678
-0.994024 0.106766 0.022740 797.249410 785 1786
-0.938260 -0.345768 0.010646 864.802549 788 1419
0.636572 -0.741418 0.212309 94.205982 803 1492
0.152535 -0.987670 0.035221 524.432875 805 1746
0.795105 0.567762 0.213199 117.526819 809 2179
0.200264 -0.978427 0.050747 340.737817 818 1766
0.506252 0.860586 0.055679 511.484269 821 2445
0.098469 0.993821 0.051214 287.855690 822 1719
0.120720 -0.990595 0.064404 420.338802 824 2256
0.014858 -0.999068 0.040533 321.554373 828 1517
0.090221 -0.847022 0.523845 59.350589 838 1779
-0.044883 0.998732 0.022800 288.689628 839 1257
0.745652 0.611467 0.264783 67.693048 839 1886
-0.931772 -0.362015 0.027291 789.206327 845 1890
-0.986377 0.161437 0.031594 798.351904 847 2161
0.011799 -0.999874 0.010664 525.791285 850 1465
-0.004150 0.999882 0.014798 774.851478 878 1504
0.394037 0.898745 0.192336 92.926360 882 1870
0.094987 0.995245 0.021574 512.169093 887 1563
-0.010166 0.999947 0.001505 736.039433 891 1137
0.009250 0.999878 0.012590 690.299909 891 1522
0.203400 0.978428 0.036166 210.668145 891 1523
0.019893 0.997962 0.060628 223.425515 903 1670
-0.933325 0.358108 0.025738 786.725350 915 1892
0.201715 0.978823 0.034868 500.858206 921 1896
0.215577 0.972836 0.084359 260.967190 921 2339
0.261318 0.964594 0.035670 320.889260 930 1494
0.463896 0.797727 0.385270 61.976879 930 2235
0.965530 0.239827 0.101172 284.701400 930 2352
0.989642 -0.038825 0.138207 253.058790 930 2773
0.900769 -0.400878 0.167071 218.291174 930 2824
0.480753 0.870302 0.107005 442.788184 930 3448
0.799576 -0.580870 0.152538 349.538855 930 3780
0.509517 -0.846619 0.153719 385.484149 930 4140
0.576393 0.798620 0.173138 385.583980 930 4544
0.790237 -0.569243 0.226911 304.313821 930 4608
0.640440 -0.751810 0.156904 456.225429 930 4872
0.751835 0.635264 0.176591 414.884383 930 4982
0.014254 0.988667 0.149447 120.841959 934 1492
0.075963 -0.996761 0.026389 545.028522 949 1712
0.984265 0.114343 0.134716 171.312769 966 2156
0.548244 0.831992 0.084962 234.160240 968 1943
-0.829038 -0.558871 0.018954 918.548375 979 1838
0.036815 -0.998907 0.028800 413.198721 993 1693
0.146566 0.987972 0.049291 567.442891 994 2345
0.149080 -0.988694 0.016124 182.014588 997 1111
0.303070 -0.952006 0.042808 592.800128 1001 2434
0.209297 -0.977182 0.036193 241.652271 1002 1497
0.345624 -0.934537 0.084764 316.483983 1004 2391
0.116506 0.993175 0.005371 517.754986 1011 1245
0.309348 -0.944833 0.107677 292.071170 1015 2531
0.978330 -0.119974 0.168749 130.538352 1017 2145
0.975152 0.188303 0.116705 221.255193 1023 2445
0.276820 -0.959279 0.056169 452.379544 1031 2323
-0.004731 0.999958 0.007857 639.863838 1037 1211
-0.999585 0.005797 0.028227 737.743806 1040 2051
0.655116 -0.752323 0.069515 209.347979 1053 2383
-0.013399 0.999343 0.033662 134.610618 1060 1175
0.111459 -0.993741 0.007512 523.763570 1067 1340
-0.042768 0.995618 0.083157 174.687641 1067 1911
0.703471 -0.689232 0.173460 109.093108 1085 2036
0.348370 -0.931783 0.102074 216.280014 1093 2321
0.325842 -0.931137 0.163739 213.994690 1109 2994
0.250954 -0.967779 0.020661 610.798335 1115 1806
-0.043250 0.992327 0.115826 178.620975 1117 2240
-0.092754 0.993147 0.071097 99.278519 1126 1508
0.989264 -0.115265 0.089838 264.029160 1128 2445
0.140612 -0.989163 0.042253 741.798463 1137 2792
0.164368 -0.985019 0.052170 738.276376 1137 3196
0.301958 0.952778 0.032177 408.077938 1139 1830
0.141764 -0.989247 0.035974 579.050119 1140 2321
0.594646 -0.800273 0.077196 186.991201 1141 1940
0.544632 -0.834628 0.082288 154.773874 1143 1940
-0.077715 0.996824 0.017365 102.237144 1146 1208
-0.935890 0.352100 0.011618 864.683034 1153 1577
-0.000276 0.999996 -0.002733 392.567192 1154 1156
-0.869090 0.494515 0.011725 917.264914 1155 1682
0.023160 0.997444 0.067597 321.143361 1164 1474
0.115888 -0.992835 0.029118 430.009652 1178 1908
-0.030253 0.998242 0.050960 254.506279 1183 1857
-0.008052 0.999816 0.017418 196.872814 1190 1394
0.893900 -0.372116 0.249946 52.314849 1193 1813
0.078026 0.996263 0.037051 406.790047 1194 1973
0.309690 -0.944269 0.111571 306.741086 1196 2895
0.137269 -0.990017 0.031982 740.934848 1204 1730
-0.224531 0.969128 0.101865 39.961617 1209 1569
-0.982936 -0.183140 0.017228 780.971081 1215 1837
0.135334 -0.989684 0.047025 271.932268 1221 1791
0.582377 0.812032 0.037976 363.044715 1226 2652
0.351847 -0.932886 0.076985 471.952194 1230 3113
0.042471 -0.998114 0.044317 300.003225 1234 1904
0.058441 0.997915 0.027379 256.127025 1241 1596
0.704576 -0.705578 0.075707 144.584193 1241 1808
0.196976 0.975898 0.093939 312.866849 1241 1916
0.662549 -0.741606 0.105117 209.917837 1241 2394
0.118166 -0.992878 0.015181 766.844792 1242 1966
-0.354074 0.934704 0.030997 48.422974 1243 1340
0.170086 -0.983089 0.067868 172.081742 1245 1811
-0.071080 -0.997441 0.007643 549.727445 1251 1356
-0.021301 -0.999765 0.004129 651.744650 1251 1358
0.067366 -0.996983 0.038555 584.701640 1251 2404
0.869220 -0.470992 0.150409 165.606417 1251 2542
-0.929807 0.367914 0.009940 867.251461 1263 1786
0.584167 -0.804613 0.106518 122.567240 1276 1953
0.100363 0.994950 -0.001465 307.210081 1277 1279
0.077430 -0.996689 0.024793 415.276460 1291 1915
0.382929 0.921539 0.064281 227.955783 1301 1875
0.537943 0.825997 0.168363 89.491856 1305 1824
0.313982 -0.949350 0.012208 112.465062 1310 1359
0.188285 -0.981612 0.031407 556.689128 1333 2125
0.823703 -0.561194 0.081081 245.533570 1333 2349
0.574188 0.810145 0.118211 198.910148 1333 2519
0.881565 -0.432310 0.189609 131.962800 1333 2561
0.222604 0.970477 0.092853 289.955617 1340 2717
-0.027474 0.999595 0.007367 535.605610 1354 1718
-0.178231 0.983894 0.013676 392.401200 1354 1764
-0.051279 -0.998122 0.033507 367.824542 1359 1982
-0.387857 -0.919207 0.068009 55.443445 1363 1564
0.033636 0.999167 0.023127 724.654952 1363 2203
0.592654 -0.800326 0.090774 122.334001 1368 1887
-0.946152 0.323481 0.012521 820.784048 1374 1839
-0.098684 0.995079 0.008872 540.203917 1380 1639
-0.825943 0.547818 0.133093 47.109123 1381 1697
0.212530 -0.976736 0.028585 257.136092 1388 1805
-0.102724 0.983867 0.146470 138.428325 1398 1762
0.082549 0.996434 0.017443 580.516555 1409 1882
-0.999257 0.011771 0.036689 674.774208 1410 2631
0.112289 -0.993662 0.005181 459.440147 1411 1883
0.157941 -0.987278 0.018331 647.502101 1411 2323
-0.551292 -0.834078 0.019783 179.944225 1413 1618
0.171537 -0.984375 0.039761 215.210044 1415 2272
-0.794843 -0.606722 0.010610 1091.735897 1417 2050
-0.751773 -0.659063 0.021772 974.042411 1417 2506
0.360491 -0.925779 0.113927 163.318706 1424 2343
0.874699 0.469958 0.118492 104.950176 1428 2128
-0.686745 -0.725714 0.041473 950.299163 1452 3414
0.100756 -0.994911 -0.001145 365.295395 1460 1462
-0.999330 0.035344 0.009488 767.506968 1461 1786
0.036372 0.999337 -0.001572 207.105035 1463 1574
-0.866771 -0.498441 0.016260 809.137281 1466 2054
-0.010845 -0.999915 0.007299 400.907361 1468 1576
-0.770200 -0.636852 0.034819 819.520385 1468 2867
0.826384 -0.554663 0.097156 104.935919 1474 2699
0.682643 -0.727156 0.072412 281.867917 1476 2460
0.208503 -0.974821 0.079053 558.435156 1476 3824
0.655466 -0.746745 0.112854 88.451578 1477 2003
0.523464 -0.850342 0.053889 296.296730 1485 2348
0.173898 -0.984687 0.012302 574.217427 1486 2383
0.095322 -0.995442 0.002885 149.106393 1487 1646
0.580770 0.813359 0.033956 313.022125 1492 2467
0.426649 -0.903647 0.037324 606.076126 1492 3064
0.529438 -0.839191 0.124314 251.936915 1501 3124
0.368423 0.924955 0.093393 102.339878 1508 1972
0.353219 -0.933769 0.057541 34.766115 1535 1639
0.215695 -0.973160 0.080219 306.912558 1553 2668
0.830459 0.534078 0.158425 102.506355 1554 2535
-0.031191 -0.994331 0.101653 121.831316 1561 2032
-0.720013 0.476016 -0.504967 42.444056 1565 1616
-0.756988 -0.650411 0.062728 900.709175 1567 4582
0.305775 -0.951098 0.043743 46.441491 1578 1682
0.262460 -0.964894 0.009717 403.956537 1580 1739
0.403738 -0.914187 0.035474 344.726027 1593 2184
0.382622 0.920579 0.078320 325.312610 1598 2887
0.015235 -0.999696 0.019362 170.520455 1616 1726
0.187279 0.982307 -0.000571 246.841992 1620 1833
0.353158 -0.932920 0.070287 267.932355 1639 2646
0.696986 -0.702106 0.145797 243.843312 1639 3435
0.629166 -0.767959 0.119954 446.966126 1639 4679
0.957182 0.142707 0.251868 249.469085 1639 5142
0.336640 0.936273 0.100335 174.326204 1649 2385
0.279669 -0.955974 0.088878 424.283030 1650 2939
-0.062322 -0.997452 0.034710 252.866121 1653 2074
0.032169 -0.998750 0.038262 457.286946 1657 2529
-0.425782 -0.904771 0.009929 207.224967 1659 1763
0.148975 0.985465 0.081644 133.829345 1663 2150
0.129917 0.991108 0.028751 427.658795 1669 2497
-0.978402 0.204384 0.030928 813.694697 1677 2977
0.250589 -0.968023 0.011656 303.420293 1682 1892
0.135270 0.990579 0.021319 538.638375 1685 2283
0.922424 0.301406 0.241431 36.335688 1686 2227
0.708757 0.702686 0.062410 404.122659 1700 3058
-0.103620 -0.994538 0.012513 327.855273 1704 1904
0.225038 0.970116 0.090739 241.378409 1713 2668
0.137414 -0.989048 0.053856 491.465848 1718 3071
0.301335 0.949165 0.091008 439.611046 1719 3796
0.194902 -0.980569 0.022298 340.680556 1727 2264
0.149741 0.988534 0.019427 454.453647 1728 2100
0.494163 0.854700 0.159030 200.190769 1734 3424
-0.108668 -0.994077 0.001138 554.993040 1742 1797
-0.003827 -0.999698 0.024276 655.442664 1744 2292
0.293236 -0.952336 0.084072 610.774988 1745 4683
0.541568 0.815240 0.205153 324.270473 1755 5283
0.929499 0.366864 0.037979 85.653305 1766 1877
0.005929 0.999929 0.010289 283.651504 1766 1929
0.886704 0.446557 0.119764 202.297859 1766 2960
0.540705 0.836022 0.093301 485.991398 1766 4218
0.905404 -0.424502 0.006474 900.000371 1785 2103
0.132782 -0.991137 0.004158 443.231987 1786 1891
-0.069850 0.992386 0.101442 67.543777 1786 2108
0.064118 0.997930 0.004861 621.201993 1788 1948
0.229345 0.970447 0.075062 408.771393 1791 3488
0.402270 -0.913821 0.055763 257.970096 1819 2480
0.644410 -0.759129 0.091975 264.612890 1825 3034
0.982327 0.180577 0.049261 44.607170 1831 1942
0.328851 0.943276 0.045679 424.157095 1851 2771
0.451023 0.890648 0.057664 455.310940 1855 3239
0.364694 -0.930988 0.016132 352.585506 1857 2181
0.957977 0.271935 0.091272 157.678193 1866 2618
-0.902699 0.427749 0.046538 646.865359 1883 3368
0.154651 0.987873 0.013756 682.781701 1890 2374
0.654870 0.700873 0.282705 148.492159 1892 4181
0.325398 -0.942267 0.079054 295.119578 1896 3323
0.164037 -0.986377 0.012377 602.628978 1911 2390
0.300854 -0.952926 0.037681 433.414904 1911 2717
0.161514 -0.986804 0.011409 348.034725 1912 2130
0.964976 0.237146 0.112177 92.943674 1913 2391
0.389731 0.920156 0.037726 222.972497 1914 2392
0.620868 -0.773972 0.124455 155.998984 1914 2943
0.122741 0.990304 0.065064 304.984054 1914 3117
0.934963 0.165643 0.313697 199.944090 1915 5283
0.870788 0.470948 0.141194 188.108182 1921 3351
0.391887 -0.913759 0.107090 377.222815 1921 4025
0.123704 0.992295 0.006946 342.875401 1922 2023
-0.139961 0.990110 0.009702 317.444355 1943 2324
-0.059578 0.997618 0.034766 177.856768 1943 2413
0.091438 -0.978798 0.183285 86.071242 1943 2854
0.153135 0.983781 0.093409 239.128966 1943 3205
-0.978749 -0.201217 0.039514 835.757065 1943 3417
0.927034 0.374765 0.012623 818.150923 1945 2497
-0.014339 0.999859 0.008789 315.976307 1947 2163
0.259924 -0.964327 0.050124 409.109660 1953 3053
0.155971 0.986929 0.040540 230.068339 1959 2564
0.387611 -0.920822 0.042955 275.586412 1971 2781
0.945585 -0.323771 0.032279 241.614942 1978 2445
0.917420 0.397806 0.009525 852.908504 1993 2497
0.134045 0.990862 0.014978 595.362479 1997 3045
0.444263 0.893723 0.062361 439.617241 1997 4182
0.045727 -0.998301 0.036123 364.926756 2014 2656
0.237689 -0.970008 -0.050872 216.002154 2026 2086
0.395620 -0.912861 0.100842 472.306711 2028 4702
0.674540 0.727646 0.124609 235.271065 2032 3800
0.355727 -0.934162 0.028263 109.096132 2035 2199
0.193583 -0.980767 0.024922 560.466732 2039 2683
0.146759 0.988934 0.021724 580.766589 2061 2652
0.450111 0.889748 0.075815 178.865693 2063 2711
-0.212228 -0.977219 -0.001813 148.961042 2068 2177
0.615028 -0.766791 0.183772 77.349807 2069 2768
0.486324 0.869509 0.086276 234.744118 2072 3239
0.563480 0.825746 0.025187 233.632228 2092 2366
-0.990976 0.133463 0.012399 627.473913 2095 2450
-0.986311 -0.164267 0.014392 748.004331 2098 2630
0.173938 0.984368 0.027650 313.322064 2099 2629
0.039199 0.999210 -0.006608 174.351729 2100 2101
0.162510 -0.986227 0.030756 430.356649 2100 2800
0.196811 0.971226 0.134111 414.083152 2100 5185
-0.888246 0.452690 0.078047 792.175162 2100 5472
-0.914643 -0.403346 0.027195 869.936354 2103 3420
-0.763534 0.645558 0.016454 910.678986 2105 2750
-0.894276 0.447141 0.018335 921.925195 2105 2859
0.096732 0.994636 0.036624 586.553471 2109 3271
0.007173 -0.999967 0.003764 732.996607 2118 2287
0.150499 0.988092 0.031991 466.848488 2119 2872
0.009225 0.999626 0.025731 482.547429 2147 2729
-0.010862 0.999230 0.037713 116.842062 2157 2686
-0.781201 -0.623733 0.026115 1011.642377 2158 3421
-0.950121 -0.308559 0.045401 783.026595 2158 4050
-0.950849 -0.304723 0.055043 720.275833 2158 4288
0.114120 -0.991756 0.058273 484.563869 2163 3694
-0.215734 -0.890662 0.400225 32.621957 2168 3100
0.544517 -0.837628 -0.043367 160.996152 2182 2883
0.253218 0.967403 0.003469 141.703365 2202 2263
0.135141 0.990605 0.020954 477.579853 2202 2409
-0.907589 0.419695 0.011728 773.927422 2209 2592
0.271130 -0.962343 0.019601 539.751907 2219 2376
0.081631 -0.996488 0.018660 612.025883 2247 2830
-0.030879 -0.997662 0.060965 221.937392 2249 2831
-0.896070 0.443890 0.004593 662.099179 2256 2447
-0.970044 -0.241357 0.027607 806.159207 2268 3419
-0.991118 -0.132659 0.009297 673.628964 2272 2552
-0.974613 0.221701 0.031271 735.987664 2272 3425
0.989852 -0.068637 0.124424 139.973172 2283 3104
0.488412 0.871592 0.042207 351.955248 2292 3501
0.537037 -0.841853 0.053620 418.418218 2298 3392
0.506016 -0.862404 0.014395 260.243197 2310 2479
0.482008 -0.866376 0.130621 183.471640 2321 3578
0.208986 -0.949880 0.232493 143.334495 2321 3973
0.169078 0.980062 0.104363 397.793939 2321 4575
-0.989561 -0.116820 0.084398 656.806970 2321 5421
-0.995039 0.090508 0.041289 787.646317 2323 3978
-0.790171 0.612725 0.014033 917.224868 2328 3754
0.058436 -0.995044 0.080452 404.041780 2335 4115
-0.030312 -0.996892 0.072716 199.624558 2347 3228
-0.498959 -0.866625 0.000497 386.532928 2351 2382
-0.025966 0.998708 0.043692 326.673453 2354 3123
-0.415757 0.908125 0.049553 88.125230 2356 2666
-0.925068 -0.379571 0.013190 895.886000 2369 2909
0.855866 -0.490396 0.164334 98.040399 2371 3314
0.335812 -0.938454 0.080834 516.012876 2384 4977
0.987091 -0.102289 0.123244 71.254570 2386 2771
0.032172 0.999013 0.030625 453.109949 2389 3012
0.555329 0.825964 0.096916 145.845134 2391 3180
0.129398 0.991247 0.026191 574.425001 2391 3239
0.298111 0.953718 0.039392 315.283263 2404 2961
0.054290 0.998011 0.032051 621.136783 2421 3486
-0.302651 0.952509 0.033587 257.630856 2431 2875
-0.438389 0.892781 0.103717 133.881813 2434 3175
0.291098 0.956118 0.033161 394.106150 2436 3129
-0.252812 -0.967368 0.016909 582.849603 2445 2895
-0.990630 0.114783 0.074010 122.819931 2445 2899
-0.222615 -0.972903 0.062474 361.139068 2445 3623
-0.510658 0.781715 0.357981 95.138872 2445 4317
-0.356894 -0.714986 0.601183 63.470485 2445 4499
0.316078 0.948716 0.005735 300.128908 2473 2618
0.291128 -0.953125 0.082449 234.048584 2476 3567
0.143999 0.989531 0.009641 438.495516 2482 2586
-0.287518 -0.954692 0.076793 113.341670 2484 2895
-0.991311 -0.129671 0.022070 770.065862 2493 3415
0.313319 -0.947624 0.061967 87.162316 2496 2688
-0.984349 0.175229 0.018774 775.021144 2497 3149
-0.957940 0.284208 0.039701 820.434665 2497 4109
-0.036130 0.999233 0.015103 583.156451 2508 2919
0.863969 -0.485617 0.133167 58.079823 2532 2838
0.004787 -0.999546 0.029730 567.827006 2540 3571
-0.786134 -0.618056 0.000163 108.173936 2543 2790
-0.831115 -0.548613 0.090947 86.429652 2546 2902
-0.500692 -0.864641 0.041269 176.486589 2553 2983
-0.794613 -0.577374 0.187696 93.853282 2557 3596
0.074010 0.997238 0.006303 324.472512 2559 2652
0.221718 -0.975044 0.011462 366.103596 2564 2715
-0.140502 -0.988321 0.058994 321.056721 2586 3794
-0.999520 -0.010031 0.029300 151.522636 2596 2858
-0.267928 0.963250 0.019069 198.546346 2598 2750
0.042051 -0.996899 0.066519 399.215920 2611 3504
0.079339 0.996829 0.006112 243.962013 2613 3391
-0.229332 0.972688 0.035834 519.187505 2614 3554
-0.933010 0.358146 0.034977 110.065045 2617 2664
-0.894581 0.440506 0.075358 82.926874 2618 2886
-0.317854 0.945534 0.070236 291.540171 2618 3721
0.126597 0.990477 0.054110 575.588898 2621 4318
0.545277 0.821885 0.164859 224.175497 2621 4703
0.155932 0.982639 0.100527 362.774464 2621 4765
0.187056 0.978574 0.086040 560.344864 2621 5295
0.364070 0.916731 0.164491 219.946975 2622 4433
0.132644 -0.960862 0.243209 78.907769 2624 3676
0.291778 0.954952 0.054151 222.272947 2628 3259
0.896004 0.437444 0.076290 155.513662 2637 3373
-0.121500 -0.955031 0.270468 117.741426 2652 4402
0.085948 -0.994257 0.063764 491.497911 2652 4403
0.051205 0.998337 0.026484 322.025990 2654 3171
-0.021629 0.999675 0.013471 264.204321 2662 2776
0.017639 0.999721 0.015687 623.975813 2690 3264
0.056967 0.998295 0.012744 409.768334 2700 2988
0.230884 0.972723 0.022436 369.757378 2707 3111
0.744255 0.650003 0.153563 138.441752 2717 3852
0.083116 0.994732 0.060006 406.328718 2717 4146
0.047515 0.996715 0.065585 394.825072 2717 4200
0.272179 0.956799 0.102245 364.505460 2717 4933
0.614063 -0.765857 0.190762 254.671717 2717 5285
0.728742 0.453741 0.512887 34.929027 2719 3781
0.810594 0.579276 0.085883 110.922011 2721 3243
0.160454 0.987016 0.007319 301.693247 2737 2847
0.738742 0.559077 0.376420 37.850711 2738 3629
-0.592233 -0.805718 0.008802 218.024006 2750 2859
0.205764 0.972663 0.107649 90.759539 2750 3372
-0.077101 -0.988445 0.130505 334.181523 2750 5366
0.061007 0.998137 0.001095 650.436598 2757 2871
0.297672 -0.954407 0.022331 403.273890 2771 3390
0.415260 -0.899585 0.135301 101.877364 2771 3553
0.108582 -0.993043 0.045566 321.575637 2771 3660
0.114037 -0.991162 0.067772 419.562515 2771 4409
0.228103 0.916081 0.329795 96.695456 2776 4614
0.042992 0.998742 0.025808 728.147365 2781 3859
0.254535 0.938529 0.233187 101.224490 2809 4181
-0.211707 0.977320 0.005116 529.348093 2810 2919
0.534862 0.224333 0.814615 20.180665 2817 3601
0.548907 0.835528 0.024366 170.334336 2829 3065
0.894620 0.444895 0.041520 183.584391 2831 3247
0.702433 0.701568 0.119959 111.245227 2831 3561
0.436308 0.898850 0.041278 349.724162 2831 3664
0.266245 -0.962171 0.057794 394.037114 2831 4150
0.006332 -0.999692 0.024011 381.521122 2837 3349
-0.194915 -0.980738 0.012675 403.529111 2843 3132
0.307785 -0.945886 0.102800 221.655971 2849 4167
-0.010769 -0.999942 -0.000587 599.340135 2851 2966
0.245697 0.968711 0.035104 266.790998 2860 3423
-0.842501 0.509912 0.173731 72.480078 2863 3692
-0.321353 0.944520 0.067928 426.132426 2867 4519
-0.387289 0.921956 -0.001890 372.906491 2868 2917
0.377056 0.924385 0.057806 165.509848 2869 3277
0.878454 -0.477622 0.013970 162.871274 2873 3055
0.029811 -0.999506 0.010000 403.001988 2875 3112
0.225121 0.973615 0.037338 190.077278 2876 3334
0.148048 -0.988355 0.035146 544.738362 2876 3947
-0.964304 0.230637 0.130091 58.626586 2885 3239
-0.021604 -0.999516 0.022402 641.003627 2887 3784
-0.052710 0.997898 0.037692 159.436902 2889 3295
0.806732 -0.558705 0.192436 147.903747 2899 4572
0.109321 0.988860 0.101022 158.856931 2911 3810
0.998543 0.032864 0.042803 105.765697 2923 3104
0.173066 -0.984859 0.010070 439.507659 2940 3390
0.874188 0.447360 0.188849 83.419720 2956 3914
-0.037588 0.998786 0.031850 298.265258 2961 3572
-0.720884 -0.688635 0.078156 106.651670 2962 3403
0.178942 -0.983560 0.024281 289.621471 2962 3467
0.117172 -0.991898 0.049074 299.793774 2969 3681
0.013364 -0.999911 -0.000277 677.410884 2974 2975
0.092541 -0.995367 0.026109 635.152391 2974 3927
0.743674 -0.646246 0.171217 171.056843 2979 4722
0.044977 -0.998906 0.012836 537.299113 3005 3232
0.023574 0.998068 0.057492 413.455123 3009 4137
0.349754 0.901130 0.256197 85.300406 3018 4077
0.189136 0.981079 0.041371 621.732268 3018 4359
-0.207787 0.977971 0.019926 295.581624 3034 3304
0.008929 -0.999940 0.006416 597.313986 3040 3419
0.978150 -0.172309 0.116329 87.299029 3050 3542
-0.017286 -0.999766 0.012984 132.295790 3053 3168
0.101214 0.994336 0.032430 528.984126 3053 4064
0.046988 0.997074 0.060289 585.279450 3053 5141
-0.197332 0.980158 0.018740 315.248970 3054 3325
-0.198928 -0.974937 0.099624 301.290039 3058 4866
0.177193 0.978382 0.106637 115.725013 3074 3798
0.164597 0.985496 0.041295 234.553216 3090 3754
0.118290 -0.992039 0.043195 351.586484 3090 4175
-0.130001 -0.991213 0.024421 394.229070 3104 3762
0.129010 0.990149 0.054417 495.098196 3113 4605
0.185075 0.978132 0.094890 436.285220 3124 5506
-0.509494 -0.848366 0.143842 174.811777 3133 4625
-0.074016 -0.997142 0.015169 852.445840 3151 3639
0.120130 -0.991873 0.041918 235.768698 3155 3694
0.077767 0.995978 0.044495 307.366899 3157 3935
-0.282774 0.956843 0.067006 174.586398 3165 3827
0.184270 -0.982749 0.015753 212.669285 3178 3289
0.016251 0.998877 0.044498 555.059138 3180 4614
0.175769 0.982735 0.057770 389.287871 3196 4501
0.996874 -0.072242 0.031988 852.381274 3206 4711
0.197288 0.980325 0.006322 458.227470 3209 3318
0.740098 -0.657268 0.142316 55.877526 3213 3694
0.102104 0.992802 0.062599 607.556490 3226 5382
0.196995 -0.980193 -0.020378 39.775185 3231 3442
0.015629 -0.999793 0.012989 552.499547 3234 3550
0.098046 -0.995181 0.001344 282.954838 3239 3240
0.344044 -0.938953 0.000465 341.661145 3239 3244
0.224321 -0.973684 0.040242 187.966481 3239 3613
-0.009344 -0.999864 0.013570 625.071479 3239 3719
-0.214212 -0.975503 0.050069 304.566097 3239 4142
0.143509 0.965411 0.217683 109.281832 3239 4614
0.166212 -0.984839 0.049663 542.756514 3239 4691
0.579848 0.713228 0.393803 75.169149 3239 4985
-0.004238 -0.993953 0.109724 289.558949 3239 5045
0.541875 -0.833964 0.104285 410.537599 3239 5809
0.560891 -0.818784 0.122450 464.524263 3239 6513
-0.266450 -0.922831 0.278186 107.550808 3244 4876
-0.647072 0.751078 0.131070 174.372791 3245 4614
-0.232648 -0.971462 0.046221 301.303185 3253 4092
0.099077 -0.995070 0.004401 428.155098 3263 3476
0.903537 -0.402393 0.147309 103.116813 3271 4180
0.289240 -0.955033 0.065206 416.009105 3274 4731
-0.003430 0.999816 0.018880 405.731363 3276 3702
-0.081497 -0.996627 0.009665 289.599347 3292 3559
-0.125325 -0.990287 0.060205 205.293732 3298 3908
0.976123 -0.207867 0.063054 58.480013 3320 3592
0.766354 -0.642320 -0.011256 64.587273 3324 3326
-0.590149 -0.806531 0.035098 146.176818 3327 3599
0.718893 0.695096 -0.005872 157.063850 3335 3389
0.094835 0.990978 0.094701 237.261637 3340 4745
0.532784 -0.846123 0.014700 287.423281 3343 3668
-0.011443 -0.998513 0.053299 585.634625 3351 4486
0.317267 -0.947845 0.030524 309.304352 3352 3912
0.987043 -0.157904 0.028511 712.277002 3367 4577
-0.471751 -0.881634 0.013139 303.866148 3389 3445
-0.568329 -0.822690 0.013528 129.342476 3389 3502
-0.977751 -0.172608 0.119199 145.858315 3389 4137
-0.776023 -0.580332 0.246988 91.922608 3389 4681
0.201163 -0.976383 0.078796 543.230802 3389 5859
-0.376527 -0.925613 0.038319 255.904984 3390 3776
-0.285553 0.958067 0.023828 278.435449 3391 3779
-0.155654 0.987761 0.009981 624.028119 3393 3779
0.030088 -0.999449 0.014002 441.576169 3396 3665
-0.137106 -0.990231 0.025408 290.852026 3397 3787
0.276202 -0.960001 0.045939 150.350665 3402 3735
0.026336 0.999150 0.031719 753.649415 3414 4895
0.432573 0.900226 0.049725 265.056981 3430 4061
0.203626 -0.978857 0.019395 521.872536 3436 4066
0.032003 0.999382 0.014561 695.023299 3442 4005
0.567741 -0.822472 -0.034793 75.655187 3445 3447
0.500117 0.865206 0.036067 423.103768 3450 4312
0.049527 -0.998276 0.031496 403.228602 3454 4150
-0.180139 0.982746 0.041957 386.665293 3455 4614
0.001207 0.994058 0.108846 222.236376 3458 4879
0.997992 -0.055999 0.029615 772.160047 3475 4651
0.017458 -0.999454 0.028058 165.710074 3478 3751
-0.005640 -0.995461 0.095005 259.725213 3501 4739
-0.877413 -0.473497 -0.077121 29.432934 3504 4010
0.181725 -0.982836 0.031777 305.580001 3504 4687
0.293790 -0.933094 0.207422 104.134933 3516 4697
0.068338 0.997661 -0.001441 531.236058 3519 3521
-0.747938 0.661973 0.048777 942.117552 3519 6202
-0.245099 -0.966103 0.081068 136.980675 3523 4095
-0.037469 0.998340 0.043745 448.209173 3523 4770
-0.288481 0.956378 0.046046 382.409309 3524 4499
0.999944 0.005773 0.008884 757.934625 3527 3974
-0.026932 -0.999620 0.005850 580.531859 3528 3582
-0.297590 -0.954146 0.032347 222.561670 3536 3878
0.202342 0.972675 0.113849 235.695842 3539 5137
0.149660 -0.988490 0.022102 717.148890 3554 4308
0.251876 0.961463 0.110218 114.056193 3559 4149
0.077683 -0.932608 0.352430 56.892798 3559 4617
0.352385 0.935302 0.032181 211.586918 3568 3913
-0.434933 0.893026 0.115488 56.717830 3578 3920
-0.248750 0.870961 0.423733 41.658880 3581 4506
0.116244 -0.991653 0.055787 570.193965 3583 5476
0.153998 0.987740 0.025569 523.101859 3586 4334
0.992995 -0.117504 0.012429 137.111937 3595 3652
0.966137 0.216623 0.140189 44.556830 3600 3942
-0.173620 0.984656 0.017595 250.464580 3608 3896
0.787301 0.549392 0.279866 126.117056 3616 5680
-0.909235 0.415913 0.017525 844.269738 3632 4440
-0.077965 0.996158 0.039890 488.456108 3637 4652
-0.976286 -0.215778 0.017485 70.477667 3643 3689
0.365551 0.910570 0.192965 133.480708 3674 5300
0.043689 0.995980 0.078202 366.163766 3676 5413
0.492808 -0.860214 0.131044 83.394300 3678 4102
-0.386993 0.918037 0.086287 143.952177 3681 4647
-0.078797 -0.995500 0.052647 278.348419 3681 4650
-0.998430 -0.041874 0.037193 746.547231 3681 5361
0.031998 0.998589 0.042371 350.219524 3682 4578
0.086359 -0.993305 0.076734 191.289940 3685 4580
0.232540 -0.971224 0.051467 524.986087 3686 5311
-0.049185 0.995868 0.076345 497.009742 3694 4449
-0.756936 0.634805 0.155147 49.168347 3698 4057
0.042266 0.971312 0.234021 86.093780 3703 4913
0.052934 0.998098 0.031599 159.369956 3704 4398
-0.525207 0.849988 0.040969 240.581993 3705 4456
-0.015963 0.996559 0.081334 271.949473 3706 5032
0.081027 0.996567 0.016972 532.850146 3708 4191
0.020046 -0.999775 0.006882 259.118503 3709 3894
0.489088 0.847135 0.207738 57.239213 3712 4869
0.050634 -0.998529 0.019382 643.964449 3715 4411
0.029445 0.999347 0.020940 730.965845 3719 4614
0.076470 0.993161 0.088223 326.930979 3722 5283
0.253261 0.967056 0.025705 208.177913 3727 4156
0.074049 0.997222 0.008036 639.199222 3735 4094
0.141649 0.989266 0.035896 513.253563 3739 4949
-0.060439 -0.997357 0.040336 345.405011 3750 4582
-0.307238 0.947919 0.083989 200.345216 3753 4715
-0.006199 0.999945 -0.008500 60.402207 3754 3814
0.472609 -0.878814 0.065783 253.955950 3762 4732
0.033660 -0.999284 0.017292 744.744551 3771 4603
0.420734 -0.903915 0.076945 184.680019 3771 4681
0.488536 -0.784529 0.381900 116.625833 3779 6238
0.951516 0.252910 0.175081 376.433140 3779 7464
-0.292237 0.942750 0.160686 107.477113 3781 4742
0.042892 0.999067 0.005017 579.162472 3782 3954
0.164470 -0.985970 0.028503 465.440249 3802 4439
-0.023521 0.999624 0.014121 660.726988 3809 4328
-0.072850 -0.989045 0.128388 117.889049 3822 4798
0.330436 0.943569 0.022122 660.074740 3843 4823
-0.141633 -0.989711 0.020307 516.084281 3875 4581
0.468471 0.873529 0.132221 99.548419 3878 4722
0.023654 0.999169 0.033182 393.296596 3879 4590
0.689413 0.702111 0.178185 79.504855 3889 4733
-0.206926 0.964402 0.164650 80.341260 3893 4538
-0.445833 0.886590 0.123250 94.507756 3896 4469
0.985074 -0.013364 0.171610 168.693910 3896 5450
-0.022413 -0.999742 0.003642 606.170622 3897 4008
-0.301539 -0.952822 0.034715 451.867413 3914 4421
0.049249 -0.998760 0.007223 724.692206 3929 4176
-0.307785 -0.951085 0.026567 310.986654 3943 4400
0.248137 -0.968089 0.035085 483.761132 3962 5108
0.028165 0.999247 0.026673 471.258868 3972 4770
-0.984022 -0.175661 0.029050 767.883464 3974 5248
-0.977846 0.206435 0.034674 732.217946 3974 5251
-0.884202 0.461151 0.074345 701.524091 3974 6268
-0.822640 -0.568481 0.009615 965.074115 3976 4442
0.063162 0.997901 0.014306 359.725326 3978 4327
0.105957 0.990893 0.083091 311.687078 3978 5357
0.197297 -0.980337 0.003560 405.869861 3985 4230
0.080363 0.996556 0.020423 355.259374 3995 4126
0.948460 -0.309367 0.068668 193.676244 4013 4823
0.203131 -0.979121 0.007685 608.043573 4018 4313
-0.173362 -0.984623 0.021533 420.905918 4026 4419
0.776600 -0.605842 0.172769 172.404466 4026 5752
-0.040442 0.999051 0.016166 633.363849 4036 4570
-0.867984 0.494682 0.043504 772.392880 4043 5952
-0.813474 -0.572105 0.104671 102.301769 4057 4793
-0.132663 0.991156 0.003173 690.052282 4065 4241
0.182578 0.982134 0.045588 628.949614 4065 5796
0.758715 -0.651422 -0.000317 158.453000 4089 4162
0.270529 0.961236 0.053288 412.295034 4090 5295
-0.006986 -0.999927 0.009848 721.559649 4094 4432
-0.173889 -0.977970 0.115483 97.897041 4115 4789
0.240989 0.970391 0.016302 581.488421 4118 4726
-0.598058 0.799764 0.052006 53.165161 4123 4292
-0.363694 -0.922021 0.132678 108.281054 4123 5204
0.979636 -0.170500 0.106034 72.321279 4131 4679
0.872760 0.423771 0.242298 106.185389 4131 5664
0.436051 0.896607 0.077170 430.119164 4131 6083
0.650238 -0.759544 0.016822 395.507021 4137 4824
0.432180 0.896279 0.099521 275.098507 4148 5742
-0.011797 0.999909 0.006576 781.548646 4169 4507
0.933561 -0.358404 0.003338 842.849119 4170 4377
0.875696 0.482809 0.007248 976.263774 4170 4506
-0.289689 0.948522 0.128007 45.812240 4177 4586
0.721500 0.685216 0.099580 105.645849 4193 4869
0.113605 -0.993022 0.031633 513.021649 4213 5170
-0.076476 0.997063 0.004096 756.174088 4231 4450
-0.162679 0.986480 0.019807 448.671026 4231 4791
0.650958 0.690053 0.316355 47.383446 4243 5142
0.567021 -0.821690 0.057562 387.732962 4258 5624
0.318694 0.947663 0.019219 258.599535 4264 4560
0.284799 0.958107 0.030332 527.099535 4264 5235
0.975536 0.196096 0.099380 171.484650 4267 5106
-0.188500 -0.981750 0.025197 288.520429 4272 4564
0.881271 -0.472567 0.006442 771.533579 4278 4765
-0.122238 0.991860 0.035662 330.447998 4285 5070
-0.980149 0.076208 0.183033 74.266100 4303 4924
-0.076052 -0.996794 0.024838 214.318415 4318 4765
-0.871683 0.486012 0.062928 63.893581 4319 4634
0.025382 -0.999661 -0.005799 317.891710 4324 5007
0.478797 0.875502 0.065187 365.824374 4326 5952
0.029238 -0.999471 0.014216 708.843782 4328 5013
-0.041161 0.999082 0.011838 453.473551 4344 4674
-0.973192 0.229554 0.014232 109.845651 4345 4530
-0.086647 -0.996128 0.014863 624.308158 4349 4920
0.360245 -0.928602 0.089000 189.339319 4359 5404
0.607319 0.794406 0.009084 83.298669 4367 4433
0.203156 0.977862 0.050146 408.304409 4368 5516
-0.137635 0.990452 0.007871 370.757909 4369 4634
-0.894946 -0.445995 0.012638 813.710513 4371 4893
0.879247 -0.036261 0.474985 36.779341 4373 5415
-0.719301 0.694689 0.003609 1085.576835 4377 4579
0.106259 0.994180 0.017743 820.339750 4377 5185
0.266708 -0.962166 0.055713 428.492228 4383 5892
0.373602 0.922421 0.097785 333.349684 4389 5431
0.105356 0.993915 0.032151 674.043073 4405 5613
0.084976 -0.995671 0.037670 352.526056 4409 5223
0.554220 0.830516 0.055521 373.242187 4419 5752
0.476425 -0.878308 0.039915 580.669220 4420 5818
0.801304 0.594955 0.062778 285.386403 4421 5818
0.986475 0.145341 0.075782 237.258971 4425 5465
-0.490731 -0.695766 0.524494 27.428260 4428 4630
0.322904 0.946061 0.026496 664.562309 4429 5465
-0.160397 -0.986923 0.015990 280.128224 4433 4763
0.424830 0.902952 0.064785 383.218669 4461 6075
0.730351 -0.676328 0.095752 276.702904 4461 6175
0.051907 0.998649 0.002386 228.081531 4463 4464
0.021614 0.999733 0.008147 680.781373 4463 4808
0.980417 0.114552 0.160191 347.399856 4463 7677
0.365767 0.928242 0.067683 823.851061 4463 7734
0.101409 -0.994418 0.029143 639.860868 4475 5504
0.483881 0.867408 0.116025 251.821127 4488 5409
0.423360 0.905263 0.035575 445.653945 4491 5465
0.659112 -0.751788 -0.019655 30.801871 4499 4572
0.383072 -0.923189 0.031253 240.820322 4499 4892
-0.006349 -0.999777 0.020132 652.635450 4499 5349
0.712838 0.693089 0.107188 150.553733 4499 5523
-0.759384 -0.649574 0.037267 851.888362 4499 6321
-0.998151 -0.022520 0.056457 756.782678 4499 6920
-0.943809 -0.325312 0.058284 781.409200 4499 7089
-0.036787 0.999301 0.006593 585.031934 4500 4770
-0.972278 0.231782 0.030871 768.037306 4502 5828
-0.999742 -0.022718 -0.000405 849.135051 4506 4579
0.007521 -0.998408 0.055902 273.070931 4513 5251
0.471896 -0.880844 0.037805 148.507949 4514 4850
0.571243 -0.820428 0.024068 41.277119 4521 4522
0.962895 -0.267428 0.036264 206.546928 4526 5085
0.083564 0.994576 0.061924 183.792930 4537 5212
0.251825 0.966905 0.040982 268.850429 4560 5235
0.982306 0.158425 0.099878 163.013866 4565 5465
0.791721 -0.601385 0.107301 129.395057 4570 5518
0.145809 -0.988324 0.044230 227.583065 4579 5120
0.094859 -0.995263 0.021286 298.473427 4583 4956
-0.246227 -0.968082 0.046789 212.117343 4584 5189
0.141633 -0.916329 0.374541 54.990517 4592 5784
0.090797 0.995867 0.002299 579.671973 4603 4681
0.179928 0.980305 0.081410 199.667790 4609 5670
0.910513 0.412181 0.032738 177.969777 4614 4937
0.471331 -0.876474 0.098189 59.202176 4614 4985
0.150163 -0.988432 0.021288 277.325575 4614 4986
0.943420 0.300264 0.140711 119.578689 4614 5619
0.947516 -0.301107 0.107459 169.025924 4614 5679
-0.341371 0.330865 0.879769 22.802509 4614 5736
0.806588 0.539638 0.241259 124.783023 4614 6243
0.760258 -0.638016 0.122240 256.887486 4614 6360
0.314757 -0.947717 0.052550 656.816316 4614 6511
0.917111 -0.319421 0.238492 153.647595 4614 6729
0.207489 0.977153 0.046054 375.143763 4623 5746
0.257196 0.964934 0.052457 328.836010 4623 5747
0.272388 -0.961266 0.042100 52.771530 4624 4756
0.994490 -0.097411 0.038751 77.714013 4624 4883
0.994061 -0.103208 0.034505 172.084116 4625 5059
-0.917886 -0.388860 0.079200 610.614761 4625 6522
0.162765 -0.986425 0.021742 507.356513 4633 5242
0.146823 0.989071 0.013511 654.577021 4637 5300
0.285641 0.958120 0.020388 366.911468 4642 4892
-0.990980 0.108903 0.078095 381.544364 4647 6121
0.499180 0.865651 0.038300 125.478040 4651 5186
-0.912253 0.409528 0.009004 847.690477 4654 5123
0.426421 -0.902491 0.060614 319.657204 4655 5892
0.289190 0.956660 0.034203 360.987341 4659 5429
-0.976464 -0.215196 0.014464 113.980329 4666 4789
0.849316 -0.463834 0.252034 80.530649 4667 5839
0.008770 0.974734 0.223198 90.971760 4668 5784
0.168486 -0.984649 0.045604 655.520912 4674 6290
-0.336713 0.941607 0.000313 414.445820 4695 4750
-0.047772 0.998381 0.030862 364.682731 4703 5295
-0.004826 -0.999461 0.032486 399.693357 4707 5416
0.029675 0.999559 -0.000667 556.297943 4715 4783
0.012830 -0.999442 0.030855 604.920643 4726 5785
0.950291 0.307488 0.048968 175.902132 4743 5340
0.340226 0.940054 0.023336 295.815845 4744 5226
0.265852 -0.963499 0.031494 541.126235 4754 5684
0.824574 0.565659 0.010352 76.295631 4756 4883
-0.917910 -0.395649 0.030069 743.358539 4765 5943
-0.993967 0.106825 0.024874 779.657384 4778 5588
0.950558 0.290998 0.108445 253.891587 4789 6279
0.970165 0.240718 0.028878 160.568980 4791 5080
0.514367 0.857085 0.028834 288.219499 4796 5138
-0.015873 -0.999861 0.005051 479.883798 4834 4942
0.990343 -0.130623 0.046455 102.013221 4835 5112
0.101259 0.994239 0.035139 582.700248 4835 5997
0.130582 0.991273 0.018070 600.847248 4838 5417
0.622388 -0.780156 0.063159 188.473619 4846 5428
0.937327 -0.262903 0.228694 90.793836 4866 6080
0.438504 0.898228 0.030012 345.845497 4867 5803
0.985679 0.062108 0.156776 121.282295 4868 5976
-0.475732 -0.874878 0.090928 62.789563 4869 5217
0.626800 -0.764887 0.148556 84.103396 4869 5614
0.327623 0.934226 0.141016 108.239156 4878 5742
0.401590 -0.915684 0.015787 481.296211 4901 5262
0.118579 -0.992191 0.038671 395.003958 4901 5892
0.208226 -0.977442 0.035335 283.167609 4927 5336
-0.004473 -0.999903 0.013161 392.813120 4929 5225
0.083411 -0.996161 0.026568 513.723119 4935 5680
0.961767 -0.214187 0.170670 138.222079 4936 6311
0.047985 0.995295 0.084177 281.970951 4938 6249
-0.842205 0.538299 0.030409 863.578707 4942 6372
-0.120269 -0.992741 0.001114 286.247022 4949 5004
0.495878 0.867550 0.038248 559.116869 4961 6125
0.096176 -0.995317 0.009741 412.898732 4964 5318
0.601918 -0.795171 0.073477 145.706728 4978 5449
0.531248 0.838428 -0.121715 20.473642 4981 4985
0.045879 0.998940 0.003738 208.015144 4983 4984
0.371590 0.927167 0.047768 140.280483 4983 5395
0.279878 0.959817 0.020503 527.568743 4983 5453
0.419633 0.907181 0.030503 329.123546 4984 5453
-0.130138 -0.991476 0.006301 344.356112 4985 5045
0.929201 -0.319872 0.185116 212.523773 4985 7129
0.584820 -0.803104 0.114061 386.012158 4985 7462
0.409756 -0.904049 0.121635 410.546489 4985 7741
0.298509 0.954322 0.012748 620.160994 4997 5465
0.533320 -0.842364 0.077419 391.812558 5010 6759
0.090877 -0.995843 0.006109 397.183650 5012 5361
0.406026 -0.902917 0.141012 68.099523 5019 5648
0.411376 -0.903349 0.121367 177.461237 5035 6293
0.180757 -0.982986 0.032645 396.662157 5046 5740
0.195531 0.978782 0.061259 210.649644 5055 5752
-0.406528 0.911488 0.062650 149.270840 5062 5513
0.218883 0.975534 0.020588 235.206042 5074 5315
0.164172 -0.984517 0.061436 404.256464 5084 6496
0.076230 0.997086 0.002830 742.919785 5088 5328
0.399090 -0.901647 0.166612 70.758155 5105 5752
0.661029 0.699973 0.270329 78.863764 5108 6255
0.025486 0.998711 0.043900 161.029186 5113 5465
0.246001 0.966130 0.077952 177.838266 5119 5828
0.501081 -0.864982 0.026915 177.342520 5128 5484
0.974759 0.092393 0.203245 272.498854 5137 8251
0.983132 -0.132357 0.126229 172.002513 5144 6351
0.235610 -0.971712 0.016247 408.220275 5152 5504
0.350888 -0.936374 0.008997 603.607619 5160 5460
0.038056 -0.999257 0.006060 295.654544 5162 5163
0.752061 -0.657387 0.047406 299.722919 5162 5871
0.580485 -0.813754 0.029014 220.908455 5173 5465
-0.835456 -0.549479 0.009264 924.084397 5178 5524
-0.990770 0.135530 0.002569 797.692331 5183 5360
-0.942868 -0.332800 0.015605 785.422588 5185 5888
-0.909924 -0.413561 0.031706 745.169306 5185 6535
-0.953931 -0.297176 0.041264 650.889183 5185 6646
-0.570554 -0.820021 0.045102 974.900074 5185 7718
-0.894664 -0.446728 0.003332 889.869208 5186 5252
-0.995440 0.094635 0.011954 792.175205 5186 5641
0.941071 -0.334845 0.047578 141.745359 5192 5648
0.873478 0.481497 0.072085 160.383955 5196 5898
-0.511153 -0.859249 0.020345 105.098006 5232 5507
-0.956014 0.286395 0.063368 672.012080 5233 7525
0.813792 -0.579832 0.039206 136.649648 5241 5465
0.873209 0.480157 0.083397 78.250167 5245 5579
0.852608 0.519173 0.059324 142.876490 5247 5829
0.999488 0.016224 -0.027572 35.860434 5251 5422
-0.155952 0.987304 0.030151 84.193359 5251 5639
0.060408 -0.997616 0.033372 271.016614 5251 6010
0.996204 -0.067800 0.054591 319.261522 5251 6436
0.806305 0.589527 0.048282 370.479098 5251 6543
0.512207 0.857476 0.048772 478.853164 5251 6649
0.881423 -0.468655 0.058789 377.930405 5251 6712
0.593627 0.802407 0.061230 399.198471 5251 6875
0.440829 0.896587 0.042454 560.035127 5251 6877
0.940935 -0.328715 0.081168 344.684634 5251 7054
0.379328 0.923456 0.057781 564.857400 5251 7161
0.946237 0.316452 0.067041 463.040773 5251 7276
0.779172 0.620225 0.090616 364.930335 5251 7380
0.853895 0.513415 0.085255 403.502538 5251 7384
0.633395 0.761920 0.135236 304.926446 5251 7775
0.626936 -0.771654 0.107245 383.304898 5251 7779
0.903814 0.396798 0.160222 274.326882 5251 7899
0.961192 -0.246837 0.123209 405.777755 5251 8130
0.185344 -0.982494 0.018793 641.147260 5255 5956
0.144994 0.988980 0.029923 346.250146 5267 6074
0.282093 -0.958392 0.043696 391.377037 5268 6176
-0.156919 -0.987589 0.006651 405.595970 5275 5443
0.167512 -0.985785 0.012947 545.352596 5279 5675
0.983420 -0.163516 0.078407 260.324219 5281 6460
0.308353 0.951197 0.011936 343.293004 5283 5679
0.569114 0.819473 0.067631 290.565889 5283 6512
0.738709 -0.660012 0.136720 302.459509 5283 7747
0.945412 -0.263352 0.191942 219.903139 5283 7810
0.689731 0.698264 0.191569 260.980436 5283 8211
-0.947898 0.305444 0.090519 575.625827 5283 8271
0.574087 -0.805551 0.146666 440.337392 5283 8991
-0.657098 -0.736306 0.161482 426.407337 5283 9268
-0.720586 -0.645759 0.252489 305.010193 5283 9740
0.581177 0.748444 0.319476 242.034507 5283 9773
0.640611 0.745161 0.185347 427.484742 5283 9838
0.679536 -0.732563 0.039781 225.217577 5284 5811
0.317490 -0.946454 0.058518 521.098079 5291 6972
0.992121 -0.109495 0.060876 136.575254 5292 5820
0.496321 -0.868022 0.014268 255.460795 5294 5466
0.041554 0.999127 -0.004397 543.939843 5297 5300
-0.028815 -0.999195 0.027924 353.827897 5303 5824
0.250926 0.966751 0.049271 345.289181 5313 6276
0.024168 -0.999289 0.028929 280.430008 5315 5712
0.050521 0.998381 0.026117 302.197279 5320 5718
0.053346 -0.997264 0.051170 223.135094 5327 6080
-0.057904 0.998275 0.009716 724.871930 5329 5548
-0.741419 -0.671012 0.006412 217.584891 5330 5385
-0.947635 0.313133 -0.062742 68.623601 5342 5506
0.461794 0.886887 0.013318 266.311134 5348 5465
0.174228 -0.984642 0.011138 345.568947 5350 5575
-0.991433 0.128308 0.024437 824.413730 5354 6001
0.834804 0.549183 0.038721 373.218252 5361 6121
0.976193 -0.139746 0.165888 193.740796 5361 6702
0.666328 -0.729341 0.155139 176.911933 5361 6931
0.510253 0.848519 0.140205 46.669893 5372 5784
0.090050 0.993967 0.062617 125.360668 5373 5784
0.499835 0.865539 0.031741 397.161474 5376 6174
0.422490 -0.904463 0.058734 267.806833 5382 6292
0.974677 0.199108 0.101791 174.593206 5382 6348
0.739055 -0.651035 0.173065 226.990465 5382 7559
0.050704 -0.995761 0.076737 155.603726 5391 5550
-0.026846 0.997337 0.067814 175.634593 5392 6087
0.085349 0.994918 0.053424 112.270885 5399 5619
0.483409 -0.874943 0.028102 162.989960 5413 5578
-0.911524 0.410883 0.017298 764.348626 5416 6154
0.910834 0.405174 0.078837 222.761995 5424 6435
-0.642638 -0.765980 0.017059 192.788012 5428 5702
-0.294664 -0.955538 0.010999 526.451974 5429 5703
0.435812 -0.899913 0.014996 186.003421 5436 5845
0.038008 -0.999266 0.004789 509.026882 5448 5616
0.155044 -0.985464 0.069437 386.057468 5457 7024
-0.080618 0.996707 0.008665 349.923282 5459 5624
-0.070962 0.997427 0.010204 464.636360 5461 5752
-0.002243 -0.999972 0.007147 514.969532 5465 5819
-0.813327 -0.581782 0.005336 1042.271894 5465 5879
-0.186610 -0.981528 0.042195 176.567539 5465 5998
0.020832 -0.985785 0.166717 55.013116 5465 6104
-0.955930 -0.293216 0.014888 813.794053 5465 6151
-0.993186 -0.114193 0.023271 737.042166 5465 6424
-0.994475 -0.102400 0.023101 820.233837 5465 6521
-0.904326 -0.425798 0.029841 833.197332 5465 6863
-0.782566 -0.622084 0.024539 1074.424693 5465 6975
-0.826970 -0.559380 0.056700 890.731524 5465 8107
-0.968550 -0.237387 0.074555 859.142138 5465 9000
0.093756 0.992367 0.080103 338.401714 5469 6924
0.487271 0.866909 0.105046 352.231070 5469 7481
0.413211 -0.910150 0.029732 236.068741 5474 5952
0.396623 -0.914703 0.077514 303.784042 5484 6712
-0.571017 -0.806868 0.151340 99.358017 5490 6287
0.107114 -0.991403 0.075151 317.299424 5495 7009
0.251322 -0.964969 0.075315 315.408707 5499 6838
0.988193 0.146475 0.044952 117.239277 5504 5862
0.081000 -0.996568 0.017041 197.735745 5506 5742
0.698782 0.696555 0.162832 173.157907 5506 6906
0.882786 -0.461766 0.086378 203.123393 5507 6367
0.994471 0.085103 0.061530 138.222147 5508 5871
0.234729 0.971998 0.011031 257.089430 5510 5682
-0.067295 -0.969326 0.236385 56.676793 5511 6249
0.046215 -0.998928 0.002803 749.902522 5518 5520
0.302646 0.952577 0.031666 310.285755 5528 6478
-0.990458 0.084349 0.108988 48.042902 5543 5718
0.226669 -0.973878 0.013488 700.078970 5547 6404
0.682839 -0.727347 0.068536 188.898646 5554 6356
-0.045510 0.998557 0.028519 465.166545 5557 6238
0.051715 0.998271 0.027924 391.805612 5561 6094
0.163297 0.986366 0.020419 460.299129 5567 6100
0.321866 0.944727 0.062403 254.025452 5584 6382
0.340131 -0.938930 0.052169 613.095303 5591 6391
0.090685 -0.995181 0.037286 555.684503 5595 6813
0.423008 0.905411 0.036000 459.510462 5598 6608
0.249952 -0.968248 0.004556 261.731232 5600 5605
0.281157 -0.959385 0.023034 95.183843 5600 5721
0.986451 -0.122894 0.108685 306.014755 5600 7454
0.898265 -0.390499 0.201571 193.339366 5600 7785
-0.119154 0.991876 0.044546 163.301878 5602 5787
0.896048 0.430841 0.107121 226.168760 5609 6952
-0.960325 -0.244550 -0.134054 88.471546 5622 5743
0.021567 0.999095 0.036651 369.824729 5625 6362
0.008610 0.998445 0.055082 279.221365 5628 6364
0.062241 -0.998047 0.005244 472.064429 5630 5874
0.220890 0.965297 0.139318 255.530540 5630 7584
0.405173 -0.913214 0.043297 494.518829 5642 6703
0.992360 -0.101279 0.070461 173.957181 5658 6398
0.242665 0.969397 0.037179 551.152132 5659 6720
0.694766 0.701227 0.159940 214.265663 5659 7060
0.886062 -0.453818 0.094567 250.962341 5670 6962
0.607418 0.790227 0.081147 205.522478 5678 6628
0.525591 0.850738 -0.000190 100.067080 5680 5684
0.515258 0.856714 0.023462 339.715931 5680 6195
0.472156 0.879901 0.053314 251.786324 5680 6460
-0.740200 0.671653 0.031392 896.243958 5680 7252
-0.672329 0.735885 0.080299 1003.533555 5680 9841
-0.980640 -0.122533 0.152743 529.043539 5680 10104
0.435350 0.895922 0.088287 152.263678 5684 6460
-0.957025 -0.287746 0.036137 752.331879 5696 7147
0.767383 0.636332 0.078771 154.853738 5702 6385
0.326014 0.941473 -0.085699 170.628292 5705 5892
0.106351 -0.994169 0.017793 617.950158 5708 6387
0.591407 0.804225 0.058827 64.259558 5715 6070
0.279056 0.958746 0.054163 330.736975 5723 6719
0.940521 0.298629 0.161991 258.835684 5726 8029
0.354137 0.935170 0.006572 731.240577 5737 6138
0.312926 0.946890 0.074000 335.488865 5742 6906
0.784003 0.534528 0.315626 108.729834 5742 7685
0.905342 -0.264891 0.331947 103.739899 5742 7688
0.804237 -0.579495 0.131864 292.411195 5742 7932
-0.924165 -0.376092 0.066889 649.740175 5742 7992
0.673756 0.724498 0.145450 310.088647 5742 8322
0.723514 -0.657862 0.209153 272.944884 5742 8989
-0.987653 -0.103154 0.117901 524.184175 5742 9162
-0.806939 0.581195 0.105174 649.542653 5742 9424
0.462057 -0.884464 0.065017 400.782557 5743 7195
0.392720 0.919620 0.008392 286.648101 5751 5818
0.724055 -0.689640 0.011875 85.294069 5752 5995
0.262053 0.964617 0.029031 365.141436 5752 6315
0.330301 -0.942884 0.043248 238.347452 5752 6368
0.545006 -0.836488 0.057070 201.391450 5752 6465
-0.038193 0.993268 0.109362 304.648488 5752 7410
0.925103 0.278441 0.258176 138.102463 5752 7753
0.441060 -0.894586 0.071987 170.667098 5755 6467
-0.062338 -0.997592 0.030391 445.025345 5756 6574
-0.939129 0.343342 0.012343 825.970195 5757 6262
-0.968989 0.246891 0.010211 788.023129 5759 6106
0.356063 -0.932259 0.064122 372.338189 5768 7097
0.492435 0.867585 0.069311 264.086532 5770 6929
0.492890 0.869815 0.021955 375.168393 5777 6278
0.971468 0.230929 0.054047 196.130954 5777 6279
0.436048 -0.899594 0.024340 422.099171 5778 6280
0.552241 -0.831839 0.055449 243.219584 5784 6490
0.902991 0.417685 0.100730 214.058546 5784 7001
0.893435 -0.415650 0.170322 243.991240 5784 8129
0.619248 -0.744887 0.248344 223.418395 5784 8792
0.978053 0.092180 0.186854 314.223027 5784 9140
0.907223 -0.379086 0.182320 240.803328 5785 8248
-0.047479 0.998575 0.024361 371.280966 5794 6228
-0.214391 -0.976473 0.023169 778.820204 5801 6825
0.164359 0.986075 0.025329 486.630718 5804 6409
-0.014003 0.997593 0.067909 410.664535 5804 7239
-0.624899 0.778021 0.064693 161.266066 5806 6296
-0.241754 -0.966420 0.087101 229.233304 5810 6903
-0.829263 0.555399 0.062095 146.487515 5813 6245
-0.746474 0.627451 0.221544 97.107709 5814 6907
0.013525 -0.999789 0.015453 375.189070 5817 6369
0.018642 -0.987842 0.154340 219.090054 5824 7699
0.518435 0.847085 0.116929 399.528231 5824 8463
0.781190 -0.582921 0.223485 272.434036 5824 9175
0.781370 -0.570800 0.252287 88.641899 5828 7147
0.977511 0.207559 0.037297 198.629825 5836 6124
-0.285012 -0.958506 0.005845 230.380048 5843 5963
-0.872385 -0.488625 0.013782 828.877898 5872 6633
0.037296 0.998969 0.025872 504.347785 5880 6585
0.315750 -0.947674 0.047067 344.336799 5892 6762
0.619790 0.763943 0.179589 109.890460 5892 6935
-0.203751 -0.920696 0.332872 63.976790 5892 6986
0.274793 0.959555 0.061173 477.719575 5892 7438
-0.022859 -0.999738 0.001288 812.471140 5906 5967
0.765574 -0.643327 0.005235 355.108156 5910 6035
-0.973454 -0.227851 0.021692 837.050574 5939 7030
0.033668 0.992819 0.114793 155.597893 5943 6922
0.168759 -0.985365 0.023989 370.117100 5945 6472
0.184650 -0.982176 0.035141 285.286921 5950 6475
-0.866800 -0.498176 0.021877 119.112464 5951 6009
-0.089059 -0.982921 0.161043 180.968351 5952 7533
0.325835 0.931492 0.161725 241.197883 5952 8177
0.997838 0.044454 0.048411 194.450648 5956 6122
0.004369 0.998607 0.052588 380.332542 5956 7043
0.156498 -0.987469 0.020314 794.430040 5958 6768
0.286708 -0.957430 0.033558 308.524020 5962 6880
0.311083 0.948885 0.053337 481.513389 5963 7386
0.154200 0.987634 0.028297 727.063561 5967 7005
0.373431 -0.925595 0.061836 292.496949 5986 6966
0.207314 -0.977663 0.034582 591.329742 5986 7132
-0.146848 -0.985945 0.079680 247.920539 5986 7188
-0.592151 -0.729324 0.342702 49.528601 5990 6905
0.126869 -0.991622 0.024281 217.383170 5997 6259
0.451262 -0.891864 0.030673 316.518473 6009 6643
-0.022394 0.999514 0.021683 624.173857 6025 6714
-0.199873 0.979669 0.017302 610.003425 6041 6785
0.980018 -0.195733 0.035409 755.074282 6048 7580
0.106455 0.994314 0.002639 519.177258 6062 6597
-0.403920 -0.801308 0.441310 46.564623 6076 7231
0.429849 -0.891970 0.140068 80.125034 6078 6776
0.265901 -0.963352 0.035343 523.753241 6087 7070
0.660930 -0.723745 0.198406 56.626035 6097 6739
0.142774 0.988469 0.050442 689.906579 6098 8096
-0.096642 0.986791 0.130015 75.248361 6103 6576
-0.523961 0.851653 0.012317 438.323641 6122 6534
-0.513028 0.858181 0.018107 282.625131 6124 6484
-0.382657 0.920810 0.075383 235.638688 6124 6940
0.084251 0.995575 0.041629 325.824410 6130 6950
-0.164016 0.970554 0.176418 130.817391 6130 7329
0.920408 -0.388832 0.040738 760.113858 6156 7819
0.757744 -0.638962 0.132483 177.592904 6162 7491
-0.017563 0.999654 0.019573 623.727305 6182 6837
-0.280089 -0.959268 0.036813 291.101422 6185 6668
-0.059034 -0.998122 0.016367 853.456306 6191 6905
-0.132025 -0.991113 0.016262 826.346445 6192 6905
-0.627377 -0.776329 0.060923 89.513912 6195 6460
-0.022028 0.999749 0.003988 611.975777 6199 6260
0.961496 -0.034846 0.272600 54.123074 6205 7150
0.047495 0.998449 0.029041 365.028043 6211 6932
-0.986887 -0.087501 0.135640 86.282803 6214 6871
0.694416 -0.716100 0.070625 206.146072 6233 7013
0.648478 0.761230 0.002129 347.816534 6234 6455
0.498843 -0.866561 0.015112 617.563303 6238 6788
0.356591 0.933679 0.032962 289.005546 6242 6842
0.036639 0.999289 0.008936 708.265997 6246 6568
0.345608 -0.929631 0.127832 150.292237 6251 7350
0.214362 0.869480 0.445031 76.769834 6253 8153
0.237286 0.967582 0.086489 148.903178 6257 6971
0.992486 -0.118968 0.028606 837.956915 6260 7586
0.132166 -0.990998 -0.021322 690.249830 6283 6655
0.449422 -0.892778 0.031094 393.689389 6289 7010
0.597971 0.799620 0.055120 358.562660 6292 7286
0.844268 0.530392 0.076788 159.951435 6293 7065
0.502782 -0.861482 0.071129 608.198009 6293 8705
0.083599 0.996256 0.022047 504.883192 6299 6838
0.044575 0.965004 0.258419 65.146377 6299 7183
0.793625 0.607424 0.034572 103.070991 6306 6416
-0.742189 -0.670099 0.011083 997.743020 6308 6792
0.195438 -0.971010 0.137637 229.780804 6308 7928
-0.086573 -0.973374 0.212244 276.198550 6308 8873
0.025111 -0.999685 -0.000451 367.360392 6310 6311
-0.168032 0.984330 0.053475 211.332059 6311 6848
-0.133769 0.974957 0.177664 152.712520 6311 7811
-0.567240 -0.823251 0.022276 234.673443 6325 6586
0.520147 0.712023 0.471668 78.568989 6327 8348
0.706265 -0.699406 0.109644 239.628428 6329 7662
0.046312 0.998841 0.013083 706.050010 6330 6597
0.339413 -0.940446 0.019001 332.123789 6334 6769
0.147065 0.987337 0.059475 348.118848 6339 7445
0.476826 0.877489 0.051480 288.517347 6359 7297
0.128749 0.991645 0.007952 578.698022 6383 6478
-0.105937 0.992517 0.060722 175.253648 6383 6868
-0.361163 -0.931507 0.043087 460.243519 6405 7392
0.330354 0.937187 0.112010 130.170474 6416 7250
-0.781682 0.608934 0.134803 176.626407 6418 7691
-0.123235 -0.992287 0.013431 774.558580 6419 7025
-0.968261 0.249504 -0.014751 81.025301 6435 6480
-0.754800 0.653354 0.058355 176.519502 6435 7098
-0.977791 -0.157030 0.138800 163.551074 6435 7709
-0.883307 0.383094 0.270201 100.951612 6435 8008
-0.169386 0.951505 0.256800 116.375507 6435 8179
-0.395518 -0.918332 0.015235 419.107463 6440 6813
0.852616 -0.482611 0.200333 137.485341 6448 7976
0.279016 0.953005 0.118032 120.147754 6459 7297
-0.996635 -0.077290 0.027278 86.860440 6460 6570
-0.174651 0.984270 0.026644 404.512203 6460 7022
-0.899175 0.437262 0.016909 870.000046 6460 7252
0.080401 0.993644 0.078788 397.989330 6460 8096
0.003326 -0.964853 0.262769 140.769587 6460 8548
-0.944571 -0.322982 0.058895 790.074542 6460 9050
-0.985863 0.153768 0.066554 728.669263 6460 9052
0.424333 0.821542 0.380802 136.416107 6460 9367
-0.241726 0.878185 0.412747 146.286909 6460 9776
-0.835811 0.544442 0.070732 949.481473 6460 9841
-0.858333 0.511548 0.039788 132.360839 6465 6681
-0.079459 0.996748 0.013397 471.842180 6475 6808
0.802676 0.594624 0.046186 250.358726 6478 7273
0.111418 0.993766 0.003914 595.808052 6486 6711
0.279888 -0.945573 0.165996 65.599295 6495 7059
0.067362 0.997587 0.016812 400.762205 6504 6838
0.997983 -0.060922 -0.017867 797.670744 6522 6578
0.029893 0.999033 0.032254 572.046387 6537 7487
0.454554 0.888805 0.058361 317.546878 6551 7503
0.911397 -0.389369 0.133216 132.229299 6556 7504
0.895437 -0.442814 0.045919 244.438559 6565 7133
0.068562 -0.997629 0.005923 618.023592 6585 6861
-0.991177 0.106919 0.078332 88.917471 6591 6980
0.601638 -0.798686 0.011515 148.794802 6603 6712
-0.066667 -0.997767 0.004050 645.747042 6610 6718
0.173698 -0.984723 -0.012252 122.631809 6615 6616
0.970827 0.228896 0.071421 99.774877 6620 7296
0.192536 -0.956663 0.218461 143.408298 6643 8348
-0.269726 -0.962731 0.019932 426.188118 6658 7166
0.958804 0.277205 0.062072 239.184257 6665 7460
-0.914530 0.403596 0.027296 842.259479 6685 8223
0.888705 -0.427285 0.166227 105.705348 6689 7646
0.672165 0.739807 0.029662 77.755654 6691 6861
0.755620 0.654926 0.010480 1055.737029 6692 7358
0.822271 0.567681 0.040098 294.244838 6694 7271
0.017633 -0.998743 0.046926 235.626302 6695 7365
-0.123552 0.991053 0.050488 312.022940 6712 7612
0.197039 0.972590 0.123465 207.079212 6712 8127
0.571048 0.772158 0.278703 99.665759 6712 8130
0.206397 0.970277 0.126345 296.814101 6712 8798
0.861063 -0.503118 0.073768 139.823018 6721 7284
0.419513 -0.907737 0.004793 474.935059 6728 6788
0.868103 0.471165 0.156206 388.840040 6749 10071
0.931039 0.334894 0.144955 423.009121 6749 10116
0.983984 -0.104273 0.144580 423.695910 6749 10117
0.956196 0.242750 0.163590 404.289141 6749 10228
0.761257 0.640116 0.103629 697.655404 6749 10269
-0.133931 -0.990152 0.040769 547.548354 6754 7946
0.964477 -0.230827 0.128461 64.643863 6773 7278
-0.009502 0.999816 0.016669 721.989079 6788 7464
-0.102113 0.994582 0.019477 762.532877 6788 7635
-0.045130 0.995525 0.083023 254.698135 6788 8037
-0.927724 0.370253 0.047338 903.209316 6788 9211
-0.998936 -0.035852 0.029005 823.641167 6789 8040
0.937419 -0.347967 0.012868 825.739957 6793 7930
0.956038 -0.291331 0.033447 810.115472 6794 8388
-0.833095 0.161765 0.528948 74.439970 6800 8103
-0.384985 0.922920 -0.002036 277.690904 6805 6923
-0.373714 0.926299 0.048051 390.737050 6806 7820
0.288087 0.957231 0.026747 157.654041 6810 7042
-0.319799 -0.946487 0.043482 441.163345 6812 7948
0.512516 0.858522 0.016360 499.527057 6813 7277
0.852467 -0.518058 0.070114 149.219512 6813 7383
0.768811 0.638318 0.038483 397.272261 6815 7669
0.720360 0.685483 0.105805 239.750991 6829 8257
0.307225 0.951248 0.027201 682.314996 6832 7981
0.681300 0.731792 0.017633 154.838167 6838 7020
-0.088940 -0.995953 0.012907 441.914428 6838 7183
0.276698 -0.956399 0.093483 259.766376 6838 8260
0.941405 -0.307791 0.137920 244.659759 6838 8765
0.239229 -0.937933 0.251098 63.045359 6848 7811
0.017181 -0.999789 0.011217 286.073787 6850 7028
0.986924 -0.158803 0.027604 765.571314 6864 7818
0.580736 -0.798611 0.158008 72.519733 6870 7536
0.520343 -0.853704 0.020807 398.083552 6873 7322
0.756495 -0.653529 0.024818 265.925240 6875 7276
0.503138 0.851515 0.147562 261.593404 6876 9134
0.824242 -0.535211 0.184861 51.101592 6882 7496
0.174634 0.983650 0.043985 380.721571 6894 7795
0.069464 -0.997334 0.022359 297.266150 6903 7342
0.199985 -0.975444 0.092280 164.021509 6904 7808
-0.997288 0.062172 0.039377 695.486108 6910 8392
-0.173701 -0.983599 0.048594 407.496670 6932 7950
0.030308 0.999319 0.021031 521.780798 6936 7487
0.440965 -0.893703 0.082737 132.504829 6942 7446
-0.082129 0.996620 0.002065 207.413215 6963 7019
-0.958602 -0.281650 0.041893 886.384655 6973 8999
0.221204 0.971200 0.088540 154.130488 6978 7364
0.033615 0.999427 -0.003904 358.487114 6979 6980
0.559559 -0.770692 0.304840 49.046078 6979 7826
0.209618 -0.974285 0.082643 109.238618 6993 7542
0.680459 0.732103 0.031634 251.089458 6995 7325
0.283120 -0.954710 0.091501 164.850885 7005 7970
-0.530142 0.847789 0.014225 267.484086 7009 7171
-0.138134 0.988866 0.055337 300.767294 7009 7910
-0.790656 -0.596054 0.139941 27.233107 7015 7289
0.259309 -0.964831 0.043126 188.981092 7017 7512
-0.701980 0.712005 0.016504 192.569046 7018 7184
-0.253107 -0.967424 0.005198 572.071020 7020 7183
-0.757992 -0.611236 0.227682 51.951853 7020 7681
-0.268203 0.961807 0.054718 284.336735 7021 7803
-0.996974 -0.077264 0.008582 704.412417 7022 7299
0.204149 0.978891 0.009756 241.457074 7024 7197
-0.362313 0.931011 0.044126 136.028873 7024 7342
0.684584 -0.695084 0.219552 94.927406 7024 8213
0.445103 -0.887374 0.120210 199.019022 7024 8324
-0.377373 0.822058 0.426391 89.311159 7030 8998
0.003491 0.999991 0.002366 284.140261 7054 7110
-0.944873 0.324849 0.041082 113.814860 7056 7162
0.306027 -0.951891 0.015839 235.753145 7067 7290
0.921144 -0.298974 0.249216 97.389291 7069 8375
0.214932 0.976145 0.030754 310.689404 7070 7511
-0.035931 0.998986 0.027144 464.116213 7070 7803
-0.079170 0.996834 0.007291 471.734379 7073 7803
0.363554 -0.917748 0.159898 92.051694 7088 7939
0.578117 -0.813636 0.061456 622.502733 7088 9276
-0.786993 0.609872 0.093258 114.587697 7093 7698
0.330487 0.941201 0.070139 274.228932 7101 8291
-0.182181 -0.982458 0.039829 208.033959 7104 7953
-0.675511 -0.731884 0.089615 130.446593 7111 7842
-0.312190 -0.949818 0.019580 367.374914 7114 7613
0.115996 -0.993063 0.019233 243.718023 7129 7462
-0.166357 0.985134 0.042850 517.067668 7132 8377
-0.446182 -0.894884 0.010168 282.664464 7133 7341
0.958582 -0.284790 0.003895 712.695557 7136 7341
-0.531080 -0.772412 0.348331 92.343299 7142 8999
0.042307 -0.999104 0.000795 727.878531 7144 7207
-0.706370 0.604205 0.368752 36.447859 7145 7943
0.151995 0.988317 0.011235 533.948636 7147 7434
-0.166386 0.985648 0.028516 379.393409 7147 7702
-0.191998 0.979124 0.066736 218.876783 7148 7946
0.382491 -0.923803 -0.016987 39.503899 7149 7150
-0.525239 0.707830 0.472336 22.096797 7154 7710
0.515378 -0.856955 0.003744 462.735196 7158 7275
0.949156 0.281197 0.141531 75.854302 7181 7801
0.128099 -0.991543 0.020830 617.716178 7187 7922
0.316598 -0.947825 0.037329 375.933883 7213 8058
-0.242955 -0.964665 0.101954 149.040096 7216 8113
-0.213392 0.976482 0.030773 454.530774 7218 7953
0.480308 -0.867598 0.128755 309.099150 7224 9395
0.412963 -0.906191 0.090996 589.876094 7224 9605
0.184949 -0.982418 0.025479 308.885580 7233 7729
0.258351 -0.965918 0.016064 824.504063 7235 7976
0.167467 -0.985140 0.038129 380.124800 7239 8082
0.009432 -0.999586 0.027200 664.617319 7239 8312
0.025460 -0.991905 0.124401 253.779058 7239 8974
0.902829 0.401371 0.154275 96.088566 7244 8148
-0.592558 -0.805177 0.023779 381.966152 7277 7840
-0.237356 -0.971420 0.002500 389.642635 7282 7393
-0.987824 0.135322 0.076763 539.128725 7289 9576
-0.632249 -0.763454 0.131904 138.052579 7294 8315
-0.691566 -0.721987 0.021699 289.669947 7297 7570
-0.245627 0.968505 0.040807 318.221136 7297 7924
-0.046210 0.998078 0.041287 514.441775 7297 8445
-0.608690 -0.784877 0.116039 255.854899 7297 8865
-0.772900 -0.633786 0.030672 282.703176 7312 7700
0.545113 -0.833731 0.088006 50.418597 7314 7659
-0.075528 0.995727 0.053125 287.783395 7333 8310
0.001693 -0.995543 0.094289 335.036642 7342 9098
0.199754 0.973589 0.110553 294.474823 7342 9101
-0.957478 0.280621 0.066985 578.638761 7342 9426
0.453856 0.888507 0.067598 249.826690 7343 8322
0.375365 -0.925739 0.045912 393.020818 7344 8388
0.380997 0.916355 0.123026 191.086739 7344 8545
-0.916859 0.397739 0.034254 717.783980 7344 8664
-0.992201 -0.121275 0.028786 705.025321 7358 8560
0.145080 0.989415 0.002985 266.757622 7370 7372
0.148065 -0.988746 0.021413 316.269719 7371 7770
-0.009841 0.986737 0.162029 184.082219 7377 8952
-0.294815 -0.951480 0.088151 123.477799 7380 7899
0.268975 0.962616 0.031975 680.965139 7392 8699
0.688853 0.721576 0.069350 213.333020 7393 8255
-0.045507 0.998964 -0.000198 293.879138 7399 7560
-0.725433 -0.687901 0.023209 95.339985 7428 7590
0.768188 -0.640135 0.010748 966.005151 7428 7818
0.552539 -0.833476 0.004260 144.079557 7431 7481
-0.240383 -0.970590 0.013095 453.240797 7434 7764
-0.366160 -0.882742 0.294439 44.619744 7437 8177
-0.207099 0.976727 0.055806 186.959744 7439 8011
0.175086 0.984499 0.010350 308.142793 7442 7664
0.014184 0.991489 0.129416 168.576867 7445 8687
-0.514849 -0.701605 0.492627 76.872231 7446 9285
-0.252631 0.967435 0.015691 368.471152 7458 7503
-0.093298 0.995267 0.027194 646.889109 7458 8256
0.060141 -0.998189 0.000871 75.329917 7461 7462
-0.284211 -0.958418 0.025660 301.907016 7462 7864
0.999393 0.028689 0.019744 741.147983 7467 8381
-0.455435 0.889495 0.037114 156.979446 7476 7882
-0.298075 0.954539 0.002457 484.535157 7479 7592
0.031589 -0.999385 0.015212 480.850182 7481 7890
0.483316 -0.871791 0.079918 389.609668 7481 9234
0.585195 0.806246 0.086684 382.767132 7486 9238
0.167451 -0.985872 0.003982 665.512044 7487 7720
-0.232827 -0.970732 0.058913 258.791186 7487 8406
0.291868 -0.955058 0.051737 210.984741 7489 8181
-0.310897 -0.949335 0.045886 112.000508 7503 7733
0.165888 -0.986030 0.015014 482.799387 7503 7976
0.491906 0.870257 0.026100 228.887353 7503 7981
0.113088 0.992747 0.040801 289.454642 7503 8256
-0.157416 0.987163 0.026995 165.621181 7509 7740
0.100617 -0.993577 0.051775 386.756029 7509 8707
-0.461557 0.886951 0.016831 180.807783 7511 7803
-0.980209 0.193775 0.040513 793.720280 7519 9216
0.006153 0.999892 0.013312 467.971087 7525 7876
-0.025539 -0.995147 0.095028 247.941525 7526 8999
0.044222 -0.998772 0.022350 421.802561 7528 8000
-0.061374 -0.998069 0.009579 592.539435 7540 7835
-0.122794 -0.992427 -0.003130 176.906137 7543 7775
0.178574 -0.983796 0.015994 309.165203 7550 8018
0.323889 -0.945619 0.030017 413.094235 7556 8253
0.617592 0.785247 0.044352 304.272627 7567 8444
0.258591 0.964293 0.057181 229.163888 7568 8315
-0.009622 0.998688 0.050287 448.170875 7578 8872
-0.900381 0.435097 0.002254 796.330280 7580 7642
-0.995548 -0.082571 0.045449 767.898520 7580 9370
0.826354 -0.563090 0.008323 981.705673 7590 7818
0.864969 -0.481232 0.142285 138.873602 7594 8623
0.702794 -0.707200 0.077122 313.201576 7594 8836
-0.758629 0.578906 0.298913 47.975741 7596 8399
-0.276948 -0.960851 0.008096 403.780564 7597 7823
0.633817 -0.750180 0.188430 63.529454 7604 8238
0.344716 -0.937849 0.040127 245.576907 7611 8125
0.315880 0.948312 0.030406 211.014340 7617 8251
-0.104433 0.994499 0.008105 737.277882 7618 7850
0.925182 -0.372265 0.073866 126.828775 7624 7977
-0.065175 -0.997715 0.017778 645.649982 7628 8312
0.028233 0.999599 0.002260 565.222920 7633 7634
0.999948 0.002019 0.010026 766.491949 7644 8155
-0.306850 0.951419 0.025409 314.810296 7674 8135
-0.015358 -0.988755 0.148754 62.387567 7675 8255
-0.966688 0.254224 0.029722 740.056505 7691 8822
0.343571 0.938873 0.021832 590.985714 7699 8463
0.194803 0.979250 0.055863 477.394909 7707 9383
0.003413 0.999941 0.010322 674.582742 7716 8177
0.071981 -0.992788 0.095873 161.933873 7721 8575
0.050022 0.998585 0.018045 689.780406 7724 8473
-0.105569 0.993740 0.036562 521.728206 7735 8970
0.251276 0.967138 0.038788 440.978133 7736 8703
-0.216696 0.905121 0.365786 40.025579 7742 8600
0.269647 0.962596 0.026453 604.027525 7780 8688
-0.095737 -0.995138 0.023120 351.853937 7794 8429
-0.021396 0.999679 0.013561 769.480539 7796 8432
-0.050042 -0.998679 0.011645 519.311173 7799 8203
0.093014 0.995576 0.013298 501.180440 7800 8261
0.966035 0.244907 0.082449 125.712963 7803 8443
0.192613 -0.974180 0.117784 192.066729 7803 8980
0.193441 0.978491 0.071661 214.295294 7811 8713
-0.239177 -0.962965 0.124470 244.528737 7812 8873
-0.956400 -0.292048 0.002500 765.357708 7815 8165
0.900558 -0.409194 0.146818 154.074119 7821 9117
0.700738 -0.706009 0.102550 218.946968 7825 9061
0.219215 -0.974290 -0.052006 116.188902 7847 7848
0.489463 0.870453 0.052332 169.472608 7852 7971
0.165383 -0.986153 0.012271 841.141586 7856 8487
0.206999 -0.978093 0.022039 207.047509 7857 8139
0.323890 0.946076 0.005990 617.365501 7858 7982
-0.180491 0.982705 0.041398 185.950999 7864 8314
-0.010706 -0.999665 0.023557 400.576057 7882 8224
0.115574 0.984386 0.132765 268.462556 7889 9855
0.345390 0.938019 0.028729 303.823807 7895 8470
0.457667 0.888651 0.028996 443.828273 7901 8583
0.529580 -0.848097 0.016640 382.310010 7902 8248
0.674300 -0.737780 0.031624 233.347613 7905 8254
0.865925 0.492648 0.086436 31.102838 7906 8132
0.349599 0.930464 0.109624 165.852426 7906 8801
0.227332 0.961240 0.156003 82.845749 7916 8538
0.463235 -0.886074 0.016946 67.042952 7926 7931
0.036616 -0.996585 0.074016 280.390758 7926 8987
-0.867621 -0.493824 0.058070 553.896024 7926 9584
0.880391 -0.473754 0.021648 909.595709 7934 8879
0.069232 -0.997373 0.021327 569.020921 7943 8558
0.590038 -0.803818 0.075706 187.195650 7943 8620
0.503956 -0.859298 0.087377 334.910404 7943 9494
0.344588 -0.937809 0.042119 766.364847 7943 9702
0.145689 0.988998 0.025658 455.686985 7945 8732
-0.398157 -0.917309 0.003853 510.068711 7971 8423
-0.268726 0.963188 0.007478 349.533507 7976 8026
0.082734 0.996562 0.004330 676.877256 7976 8035
-0.224900 0.972546 0.059786 329.034146 7976 9087
-0.667851 -0.743910 0.023926 1026.568045 7980 9256
-0.665304 -0.741810 0.084193 158.820870 7982 8808
0.563745 0.817802 0.115720 218.598618 7982 9416
-0.719908 -0.533925 0.443460 72.448398 7984 9615
-0.586447 0.809236 0.034891 281.305007 7985 8595
0.094606 -0.994152 0.052073 295.479004 8008 8902
0.184334 -0.982593 0.023049 679.182640 8010 8844
0.635813 -0.768417 0.072644 272.627911 8010 9133
-0.089622 0.993077 0.075929 259.662713 8013 9069
-0.172870 -0.984788 0.017545 386.716228 8014 8354
0.629297 -0.765391 0.134766 186.326090 8017 9395
-0.017775 -0.999201 0.035807 560.071763 8029 9089
-0.655635 0.751996 0.068157 210.415570 8051 8999
-0.927824 -0.370819 0.040450 70.074985 8059 8175
-0.049058 0.998720 0.012294 286.524711 8063 8571
-0.452009 0.885823 0.104906 186.954603 8064 9067
-0.161331 0.986882 0.006052 546.578257 8077 8304
-0.536994 0.843454 0.014931 155.678661 8082 8199
-0.726818 -0.686069 0.032324 881.270187 8092 9537
-0.966444 -0.250887 0.055148 490.509806 8096 9587
-0.988438 0.145440 0.042864 835.242707 8096 9841
-0.829779 -0.555585 0.052846 677.583394 8096 10111
-0.938799 -0.344392 0.007095 826.846215 8099 8394
-0.016442 -0.999021 0.041066 399.717795 8100 8999
-0.457266 0.886317 0.073149 252.378411 8108 9000
0.174167 0.982835 0.060837 449.087137 8118 9500
0.425380 -0.903718 0.048436 221.509841 8130 8914
-0.456899 -0.889347 0.017483 203.376384 8131 8359
0.133261 0.990233 0.040983 191.722972 8148 8543
-0.852544 0.522000 0.026179 829.586270 8148 9212
-0.725663 0.687667 0.022957 924.533343 8148 9215
-0.816457 -0.137971 0.560681 53.253854 8148 9770
-0.764080 0.640860 0.074026 500.292702 8148 10065
-0.974709 -0.223474 0.001444 854.445042 8158 8162
-0.918814 0.393366 0.032318 694.228239 8158 9320
0.162391 0.986409 0.025007 582.675008 8162 8939
-0.078483 -0.996274 0.035765 411.249205 8174 8947
-0.532721 0.846199 0.012447 274.585440 8190 8420
0.356073 0.934443 0.005364 453.036943 8204 8443
-0.815542 -0.577970 0.029021 957.745042 8217 9629
-0.054947 -0.997432 0.045945 421.126865 8223 9112
0.533907 0.845083 0.027890 545.261641 8224 9277
0.718604 -0.694190 0.041340 198.655135 8226 8511
0.093586 -0.994878 0.038204 484.616816 8242 9134
-0.100906 0.994759 0.016505 404.095424 8247 8689
0.935986 -0.318121 0.150762 142.641371 8255 9410
0.920145 -0.381320 0.089039 166.901510 8256 9038
0.555309 -0.825482 0.101050 89.748341 8259 8702
0.999564 0.025416 0.015047 659.755581 8274 8877
-0.967834 -0.192739 0.161704 82.862519 8295 8951
0.406328 0.913719 -0.003961 184.101770 8297 8473
0.042796 0.998426 0.036241 354.163246 8300 8963
0.550328 -0.832727 0.060861 79.538922 8314 8598
0.108603 0.968915 0.222282 20.043886 8315 8596
-0.767015 0.641186 0.023840 791.873886 8319 9261
-0.651710 0.757340 0.041361 651.733994 8319 9737
0.086512 0.996109 0.016837 651.380308 8337 8943
-0.080327 0.996549 0.020918 338.486499 8342 8780
0.038435 0.999140 0.015586 620.782073 8343 9061
0.315143 -0.937248 0.149169 82.536606 8348 9014
0.016475 0.999433 0.029371 509.907014 8348 9178
0.517950 0.853466 0.057660 437.935053 8348 9706
-0.937491 -0.199296 0.285292 118.075932 8348 10129
-0.300845 -0.953397 0.022927 174.883828 8351 8412
0.727393 -0.681925 0.076662 449.855096 8353 9605
-0.137117 0.978360 0.154953 68.966007 8355 8956
0.587904 -0.803892 0.090143 200.486801 8357 9341
0.389581 -0.920856 0.015875 887.978086 8360 9033
0.917324 0.396972 0.030491 341.153951 8361 9034
0.278827 0.960117 0.020753 567.754380 8364 8917
0.291386 0.955313 0.049721 354.095990 8381 9306
-0.998441 0.049533 0.025749 758.476105 8383 9307
0.785659 0.607014 0.119470 187.489322 8400 9497
0.874754 -0.472428 0.107782 192.739284 8406 9442
0.402098 -0.915575 0.006331 429.820370 8409 8634
0.994479 0.066361 0.081288 251.877058 8427 9519
-0.009626 -0.999724 0.021431 649.711392 8432 9198
0.787663 0.615757 0.020734 167.310545 8434 8706
0.274635 -0.961274 0.022988 537.429307 8435 9150
-0.052031 -0.998275 0.027201 757.151559 8443 9355
-0.985495 0.166832 0.031097 701.088086 8444 9424
0.007463 -0.999972 0.000901 293.178123 8447 8448
-0.982097 0.178634 0.059794 150.152387 8458 8999
-0.736985 0.674495 0.043696 567.480402 8476 9718
-0.082962 0.996479 0.012131 390.041682 8494 8815
0.996401 0.084767 0.000372 707.210062 8502 8549
-0.741146 0.670582 0.031961 283.171305 8510 8999
-0.376153 -0.925992 0.032379 355.821110 8527 9190
-0.328574 -0.938654 0.104724 210.085765 8543 9770
0.271998 -0.962176 0.015332 380.602581 8557 8895
0.915818 -0.395116 0.071833 253.685409 8560 9549
0.110502 -0.993843 0.008099 499.203315 8565 8785
0.273908 -0.956671 0.098762 154.440176 8565 9383
0.113870 0.993345 0.017299 406.134945 8566 9177
0.736969 -0.673336 0.059120 466.160914 8568 10039
0.115125 -0.992957 0.027966 407.052568 8571 9280
-0.366586 0.930009 0.026432 137.408588 8579 9020
0.351290 -0.935923 0.025360 242.767895 8584 8916
0.744726 0.664844 0.058008 230.792797 8587 9409
0.861511 0.469948 0.192218 62.172442 8590 8700
0.208769 -0.977108 0.040938 266.960356 8590 9089
0.255655 -0.965322 0.052868 304.297788 8595 9355
0.533620 -0.845721 0.002151 161.245730 8597 8653
0.122970 0.992398 0.004996 556.895250 8601 8986
-0.947035 0.321025 0.008192 796.795893 8612 8826
0.612986 -0.782908 0.106317 231.250047 8630 9808
-0.058828 0.997253 0.045013 376.092930 8636 9653
0.901127 0.424481 0.088232 195.759252 8640 9561
-0.571004 0.820913 0.007512 491.098847 8642 8955
0.000076 -0.999981 0.006244 541.854377 8644 8749
0.932040 0.361982 0.016447 889.558396 8660 9472
0.999988 -0.004508 0.001877 757.157923 8668 8717
-0.210399 0.977615 0.000993 228.329274 8674 8727
-0.065983 -0.997449 0.027243 738.952603 8690 9753
0.996240 0.041315 0.076153 76.801736 8703 9041
-0.999603 0.028151 0.000918 781.900877 8715 8823
-0.791353 0.611174 0.015092 957.432681 8717 9632
0.191346 -0.981474 0.009826 358.780290 8722 8890
0.139084 -0.989502 0.039273 522.700184 8722 9848
0.091282 0.995481 0.026171 228.926305 8741 9137
0.402151 0.910012 0.100756 121.595229 8741 9395
-0.195424 -0.980683 0.008394 708.732240 8745 9072
0.200858 -0.975075 0.094261 282.870313 8746 9605
0.664583 0.740894 0.096981 164.999610 8749 9608
-0.291511 0.956513 0.010210 542.528353 8761 9092
-0.884361 -0.466590 0.014121 911.052756 8762 9417
0.786513 0.612953 0.075406 113.136409 8802 9291
-0.999454 -0.031270 0.010643 785.307608 8817 9216
-0.274154 -0.959235 0.068611 317.201681 8819 10007
-0.607686 -0.794155 0.005970 338.190476 8831 8999
0.214046 0.976449 0.027034 476.435490 8836 9703
-0.238535 0.971119 0.005479 425.288853 8839 9011
-0.288119 -0.957586 0.004092 239.678595 8856 8966
0.987018 -0.160327 0.009478 320.624546 8863 9154
0.451126 -0.891002 0.050988 239.104204 8867 9360
-0.982950 -0.183534 0.011136 684.172202 8875 9373
-0.715014 0.698883 0.017798 1115.933324 8878 9841
-0.908367 -0.418127 0.006349 919.363288 8880 8998
-0.998856 0.040486 0.025447 713.032372 8881 9846
0.876664 -0.480266 0.028368 118.792873 8891 9172
0.775500 0.629148 0.052656 295.686150 8897 9598
0.952606 0.207811 0.222162 102.313110 8900 9926
0.170780 -0.985045 0.022802 568.827513 8953 9651
0.809619 0.586455 0.024224 303.057736 8956 9289
0.601316 -0.799004 0.003312 504.801321 8962 9146
0.201596 -0.979404 0.011293 615.771343 8963 9344
0.233529 -0.972081 0.022847 404.869030 8966 9343
0.106670 -0.994293 0.001781 491.115160 8968 9083
0.842034 -0.530610 0.097115 102.770444 8970 9672
0.756243 -0.650919 0.066344 261.461018 8972 9948
-0.779978 0.624940 0.032940 408.127755 8974 9733
0.426817 0.903929 0.027205 232.069642 8979 9299
0.083448 -0.996392 0.015444 539.897522 8980 9355
-0.131028 -0.991270 0.014683 267.535561 8983 9834
-0.956027 0.293253 0.003897 768.976021 8987 9159
0.589306 0.807791 0.013831 393.983247 8999 9323
0.614376 0.787600 0.047201 176.505524 8999 9376
0.962041 0.270004 0.039690 342.462630 8999 9742
0.865065 0.489503 0.109773 153.911468 8999 9912
0.878307 0.475884 0.045953 921.285738 8999 10285
0.715936 0.697457 0.031448 399.206025 9000 9799
0.415492 0.908492 0.044820 323.130021 9000 9913
0.143400 -0.988982 0.036763 450.547386 9010 9859
-0.503909 0.863723 0.007579 594.095953 9030 9188
-0.428722 -0.903436 0.000594 420.357675 9038 9087
-0.977965 0.077154 0.193988 30.097008 9042 9151
0.999990 0.000033 0.004446 776.261687 9052 9367
0.375094 0.926909 0.011981 289.713256 9059 9326
0.101175 0.994771 0.013929 625.641163 9060 9495
0.078115 0.996895 0.009904 730.510171 9066 9501
0.201976 0.979386 0.002842 204.435714 9080 9458
-0.074180 -0.995623 0.056845 170.895937 9084 9346
0.919250 0.392023 0.036031 159.265006 9084 9409
-0.745408 0.666539 0.009637 744.024382 9098 9426
0.984789 0.153173 0.082024 51.704943 9104 9363
-0.996134 -0.053395 0.069757 343.491587 9111 10209
0.997453 -0.062408 0.034530 200.460949 9114 9434
0.293646 -0.955794 0.015156 396.792974 9119 9328
0.410221 -0.911827 0.017048 799.705916 9121 9707
0.232005 -0.971331 0.051866 120.699007 9137 9395
0.697758 0.710188 0.093635 274.106928 9139 10238
0.891457 -0.452984 0.010469 841.384041 9159 9684
-0.011465 -0.999833 0.014207 357.229254 9174 9433
0.353402 -0.935470 0.001784 87.312682 9188 9190
0.356128 -0.934241 0.019147 150.897726 9190 9342
-0.994736 -0.089426 0.050039 251.114882 9190 9724
0.801003 -0.598058 0.026858 350.065569 9192 9612
0.907164 0.420251 0.021051 683.278776 9216 10002
0.496376 0.867209 0.039494 533.398639 9216 10205
0.271466 -0.960515 0.060973 278.784530 9225 9967
0.879734 0.475194 0.016081 431.517020 9260 9762
-0.218893 0.975532 0.020589 506.229578 9273 9792
-0.303825 0.952494 0.021124 670.313033 9276 9696
0.543696 0.835894 0.075343 241.862079 9276 10155
-0.130421 0.991355 0.014340 480.491386 9280 9500
-0.288627 -0.957159 -0.023277 186.839684 9285 9336
-0.992911 0.118521 0.008968 442.269437 9285 9717
0.084516 -0.996351 0.011910 233.565279 9287 9395
0.224188 -0.974003 0.032514 512.400090 9287 9605
-0.698876 -0.715078 0.015341 498.963331 9287 9723
0.858137 0.513294 0.011462 923.536891 9312 9903
0.644050 -0.759880 0.088220 183.807569 9315 10108
0.256062 -0.966144 0.031592 531.682621 9326 9595
-0.857219 0.514619 0.018505 449.368379 9336 9717
-0.361962 0.925846 0.108594 183.436105 9336 10186
0.520454 0.853059 0.037650 610.662434 9336 10255
0.892662 0.450716 0.003109 173.269807 9337 9397
-0.002835 0.999497 0.031593 830.101955 9355 10278
0.835278 0.548397 0.039643 487.357342 9370 10244
0.763889 0.645313 0.006678 68.505499 9382 9496
0.690081 0.723143 0.029177 218.021978 9382 9802
0.335942 -0.940607 0.049008 283.185721 9395 9605
-0.947627 -0.319134 0.012533 388.817240 9395 9723
-0.574849 0.817853 0.025776 349.060707 9400 9754
-0.719546 -0.692928 0.045875 317.935595 9401 10136
0.459941 0.887146 0.037770 316.548694 9402 10051
-0.167886 0.985283 0.032131 529.378812 9404 10140
0.453999 0.890181 0.038232 278.710162 9406 10053
-0.324480 -0.945814 0.012156 529.547702 9409 9665
-0.577434 -0.816340 0.012638 240.372178 9427 9478
-0.048313 0.998815 0.005803 232.507377 9432 9490
0.399658 0.915992 0.035091 282.462735 9450 9937
-0.314091 0.949315 0.012127 371.169057 9472 9833
0.185283 -0.982683 0.002227 596.074242 9479 9537
0.166572 0.986023 0.003539 65.964740 9481 9482
0.928803 -0.370395 0.011493 796.979661 9482 10012
0.503257 0.862776 0.048478 192.481196 9496 10031
0.906777 0.420646 0.028522 486.730603 9498 10178
-0.289922 0.956935 0.014862 657.963211 9521 9885
0.642170 0.766216 0.023022 556.699699 9537 10172
0.722030 0.657976 0.213870 77.938337 9537 10223
-0.323475 -0.946232 -0.002882 430.445783 9542 9630
0.968161 0.250317 0.002536 659.163280 9542 9903
0.922629 -0.384668 0.028054 510.882932 9551 10126
0.468431 0.883092 0.026842 620.216022 9552 10197
0.566888 0.823795 -0.000194 587.777975 9556 9716
-0.995066 0.098755 0.009565 554.818000 9559 9719
0.499312 0.865707 0.035189 265.989421 9562 10051
0.588113 0.808749 0.006931 822.448061 9586 10011
-0.820740 0.570936 0.020432 428.314906 9587 9841
0.119356 -0.992519 0.025687 276.742161 9587 10070
-0.136400 0.988857 0.059634 87.537079 9602 9875
0.131424 0.991088 0.021717 796.024977 9604 10255
-0.955823 0.293355 -0.018567 485.013995 9605 9723
-0.911571 0.410964 -0.012091 499.003153 9605 9724
0.980164 0.197972 0.009301 823.049275 9626 10010
0.695817 -0.718143 0.010419 242.994584 9635 9969
-0.746169 -0.665752 0.002652 364.073748 9656 9723
0.824084 0.566453 0.004045 109.464239 9659 9817
-0.406389 -0.913694 0.003272 710.190629 9661 9726
-0.990933 0.134170 0.007094 724.880944 9684 9959
-0.070632 0.997430 0.012033 569.982279 9692 9841
-0.406429 -0.913656 0.006966 461.132365 9706 9859
-0.626625 -0.779266 0.009307 472.332148 9714 9813
-0.734304 -0.678817 -0.002274 588.458112 9716 9748
-0.711994 0.702177 0.003497 321.342404 9742 9789
-0.639089 -0.769117 0.004982 341.151550 9743 9847
0.570010 0.821588 0.009039 643.466861 9753 10050
0.743227 0.668526 0.026209 256.518639 9787 10111
0.051093 -0.998694 -0.000561 373.286508 9789 9790
0.467513 -0.883986 0.000010 563.281330 9841 10111
0.979512 -0.201219 0.008219 350.579108 9841 10153
0.797351 0.602935 0.026477 186.590347 9845 10111
0.368437 0.929366 0.023091 682.778612 9845 10265
0.954436 -0.297289 0.025912 339.093028 9851 10157
0.984434 -0.173178 0.029979 355.257147 9855 10211
0.641125 0.767407 0.006769 787.319425 9863 10125
-0.172255 -0.984833 0.020803 95.311417 9868 9979
-0.529033 0.848279 0.023385 410.071103 9870 10131
-0.564403 -0.825440 0.009903 584.535684 9885 10167
-0.041400 0.998744 0.028213 444.227407 9897 10262
-0.486906 0.873439 0.005109 340.397380 9966 10019
-0.540275 0.841423 0.010504 576.136338 10007 10170
-0.997832 -0.061401 0.023695 381.393474 10008 10244
0.975940 -0.218035 0.001569 421.554497 10024 10176
0.716724 0.697346 0.003826 865.686700 10056 10094
0.228970 0.973408 0.007099 716.812273 10080 10197
-0.807400 -0.590003 -0.001255 568.262381 10094 10166
0.193136 0.980961 0.020342 532.181287 10111 10265
0.410254 0.911381 0.032818 334.566298 10116 10269
0.738195 0.674561 0.005901 520.483255 10186 10255
-0.727445 -0.686166 0.000006 238.752279 10237 10254
0.625221 0.780448 -0.000521 251.592902 10260 10261
0.271846 0.962180 0.017592 315.863289 10260 10278
