-0.899298 -0.320739 0.297303 6.719779 2 93
-0.383465 0.323230 0.865146 25.333347 8 1710
0.064851 0.997798 0.013894 3.316411 9 10
-0.019427 -0.837782 0.545659 17.864554 17 588
0.608164 -0.006863 0.793782 33.205811 18 776
0.086275 0.404111 0.910632 5.298922 24 192
-0.288383 0.133797 0.948121 25.944193 26 1379
-0.200101 0.541393 0.816611 9.434224 43 597
-0.426655 0.621242 0.657285 28.490812 46 1221
0.194323 0.155023 0.968610 7.684708 49 675
-0.024951 -0.762850 0.646094 6.226790 54 192
-0.518571 0.062250 0.852765 13.477314 69 829
0.868210 -0.394699 0.300706 10.263715 87 132
0.101904 0.165829 0.980875 15.460954 90 950
-0.462340 0.886153 -0.031205 25.849670 95 628
-0.140013 0.206966 0.968278 20.979945 95 959
-0.596089 -0.075428 0.799367 4.761170 98 415
0.566462 -0.665440 0.486118 30.576551 103 365
0.258535 -0.725981 0.637268 16.481644 105 1120
0.489272 -0.780273 0.389597 17.017813 117 851
-0.092765 -0.285647 0.953835 29.662542 121 1708
-0.593314 0.739475 0.318049 18.537634 128 621
-0.208387 0.323434 0.923019 11.039161 133 879
-0.067733 -0.564627 0.822562 25.063995 135 1332
0.114361 0.978812 0.169846 30.321183 135 1485
-0.063931 -0.636420 0.768689 35.791106 135 2262
-0.474949 0.281640 0.833728 23.853691 138 1289
-0.443915 0.837574 0.318447 17.325714 154 968
-0.247668 -0.246439 0.936978 13.644603 165 842
0.107434 -0.428992 0.896897 18.760145 170 1133
-0.562912 0.120081 0.817747 19.741365 172 1133
0.256943 -0.765036 0.590509 17.013986 188 796
0.238992 0.723467 0.647672 19.639067 198 1147
-0.311041 0.760027 0.570624 26.542362 202 753
0.126933 0.153040 0.980034 30.000257 209 2752
0.475066 -0.764584 0.435573 14.740887 218 704
-0.941593 -0.336026 -0.022106 20.982309 227 831
0.838125 -0.361139 0.408809 17.703715 227 1124
0.396116 -0.495076 0.773299 25.772381 228 1344
-0.098530 -0.116615 0.988278 16.157796 229 1206
0.526652 -0.205570 0.824851 15.347590 232 1020
0.405680 0.256485 0.877291 18.898649 244 1171
-0.019693 -0.780831 0.624431 21.717169 251 937
0.574768 -0.720410 0.388138 18.926483 253 862
-0.251496 0.186151 0.949788 16.761530 264 1093
-0.054274 0.122407 0.990995 12.013536 266 951
0.688266 0.028277 0.724907 20.177575 270 1239
-0.249498 0.966979 0.051985 20.650175 275 409
-0.118496 -0.282130 0.952030 24.273099 276 1243
-0.373797 -0.809764 0.452282 11.368860 280 567
0.579262 -0.521281 0.626675 9.183881 290 637
0.305085 0.296543 0.904978 33.970833 301 1947
0.331455 -0.413418 0.848070 21.129443 303 1307
0.070333 -0.841700 0.535346 7.849848 308 376
-0.240855 0.526305 0.815470 23.581993 317 985
-0.702961 -0.082299 0.706450 13.184576 323 938
0.156164 -0.985301 0.069241 18.993810 348 412
0.051133 -0.029376 0.998260 15.090711 349 1101
-0.169502 0.653501 0.737702 16.134310 353 1103
-0.143090 0.546761 0.824972 18.792677 355 1678
0.219635 -0.652157 0.725570 37.407070 368 2004
-0.012450 0.005892 0.999905 13.636760 382 1078
0.197278 -0.824601 0.530202 13.116095 383 846
-0.311640 -0.297348 0.902477 20.695562 385 1468
-0.168381 0.521134 0.836700 24.771784 390 1564
-0.189602 0.925624 0.327523 9.341500 391 612
-0.262665 0.894820 0.360976 17.275380 392 736
-0.143000 -0.879223 0.454442 18.661149 394 738
-0.174805 -0.945305 0.275394 20.740938 404 880
-0.479748 0.670782 0.565591 47.522380 406 1929
-0.565742 -0.004305 0.824571 20.504348 409 564
0.024093 -0.585624 0.810225 16.172130 413 1155
-0.132404 0.382425 0.914451 12.527843 415 760
0.856048 -0.005686 0.516866 15.940722 416 817
-0.406607 0.223015 0.885966 46.242093 425 2564
-0.681679 -0.213338 0.699857 15.597651 437 1167
0.786864 -0.379144 0.486925 26.741959 450 1221
-0.510019 0.504802 0.696459 26.064796 452 1470
0.064734 -0.089658 0.993867 14.155007 476 684
-0.027423 0.498392 0.866518 17.881218 477 1372
-0.219522 -0.845379 0.486974 16.427983 480 688
0.774740 0.066023 -0.628823 28.162851 481 483
-0.354644 0.897965 -0.260550 25.455032 481 1236
0.657868 -0.680973 0.321692 26.067969 481 1984
-0.348208 -0.613976 0.708368 31.863016 481 2648
-0.706352 0.325656 0.628503 19.518129 496 818
-0.613145 0.542073 0.574639 18.349918 501 1061
0.846711 -0.319915 0.425129 21.672418 507 1065
-0.672750 -0.217851 0.707071 9.777708 513 909
0.390772 -0.101870 0.914833 28.065761 516 2004
-0.413687 0.274868 0.867935 17.546579 520 1346
-0.388062 0.814296 0.431660 19.816379 522 1075
0.407154 -0.424288 0.808830 9.894243 530 984
0.314955 0.156666 0.936087 26.430009 538 1139
0.425062 -0.741744 0.518786 16.640271 550 1230
-0.601191 0.665598 0.442208 17.762128 554 947
0.275064 -0.705445 0.653213 7.005153 557 1000
0.125256 -0.970069 0.208029 16.399792 559 752
0.084654 -0.538078 0.838633 17.701452 560 1483
-0.232644 -0.154868 0.960152 18.499649 562 1530
-0.572294 0.722847 -0.387262 30.777829 564 754
-0.490297 0.833152 0.255866 23.687310 564 1578
0.433677 -0.511703 0.741677 26.351660 564 2266
-0.003804 -0.053568 0.998557 34.389412 564 3029
-0.233404 -0.133738 0.963139 29.688279 576 2050
-0.381295 0.625182 0.681000 15.816653 578 1201
0.180450 -0.794814 -0.579404 10.964493 582 1119
0.532051 0.776840 -0.336809 16.893578 582 1120
-0.673701 0.592348 0.441872 10.879382 582 1548
0.826484 -0.046734 0.561017 20.496790 582 1944
0.432083 -0.288024 0.854603 22.631924 584 1645
0.563152 -0.438514 0.700404 39.418099 585 1947
0.346792 -0.929882 -0.122695 14.682173 591 652
-0.437685 0.894890 0.087199 36.440802 591 836
0.119483 0.135961 0.983483 18.092852 591 1022
-0.770757 0.560140 0.303605 12.297813 594 924
-0.337923 0.173355 0.925071 18.537041 599 1419
-0.444492 0.433160 0.784091 18.873357 602 1353
0.000566 0.290955 0.956737 22.668091 609 1613
0.597315 0.359780 0.716780 27.545018 614 1516
0.101295 0.745143 0.659168 19.546108 621 1226
-0.213221 0.616420 0.758000 15.927169 622 1144
-0.320816 0.682371 0.656846 16.586810 623 1185
-0.511011 -0.666423 0.542907 17.744753 623 1228
0.364945 0.067778 0.928559 25.905137 624 1825
-0.150294 -0.984641 -0.088846 43.890978 625 1774
-0.961498 -0.069871 0.265782 47.379528 625 2649
0.098472 0.725278 0.681377 27.028937 627 1243
0.516272 -0.555521 0.651812 28.987041 627 1582
0.682498 -0.670198 0.291601 17.878130 643 1064
-0.141101 0.959522 0.243738 16.371504 671 992
-0.612265 0.783455 0.106437 30.425376 677 867
-0.450504 0.891392 0.049669 27.227069 683 1521
0.059665 -0.138901 0.988507 34.842729 683 3062
-0.135355 -0.186199 0.973144 10.424461 684 1480
0.226869 -0.421071 0.878197 28.487985 694 1240
-0.347755 0.794709 0.497497 19.531416 695 1239
-0.320687 -0.128439 0.938437 28.826323 699 3166
-0.619390 -0.296086 0.727111 28.303896 713 1797
-0.642157 0.097321 -0.760370 31.713163 718 782
-0.097424 -0.601553 0.792870 39.432834 718 3508
0.436103 -0.124323 0.891268 42.130355 718 3745
-0.168839 0.303495 0.937755 39.508754 733 2632
0.168732 -0.736176 0.655420 30.496041 736 1763
0.283139 -0.415431 0.864436 22.991508 738 1923
-0.371692 0.902260 0.218570 15.647705 743 874
0.072614 -0.705595 0.704885 11.362300 752 1238
-0.902845 0.383820 -0.193783 28.967623 753 878
0.313809 -0.131405 0.940349 19.120412 754 1578
-0.258833 0.925172 0.277602 15.999058 758 1106
-0.084229 0.904866 0.417280 9.230505 760 1389
-0.275305 -0.250268 0.928209 25.294349 769 1942
0.004909 -0.543041 0.839692 42.102011 771 2564
0.768275 -0.593918 0.238777 21.323187 772 974
-0.565005 0.263771 0.781789 29.400933 772 1944
0.923706 -0.330199 0.194256 40.322801 776 1802
-0.814319 0.309663 0.490912 37.025950 776 2435
0.081964 0.314409 0.945743 26.073940 790 1696
-0.412956 0.906732 0.085460 23.911418 791 850
0.604785 -0.724289 0.331120 41.601425 796 1566
0.145801 0.225869 0.963185 21.974927 803 1875
-0.016518 -0.564339 0.825378 32.028351 811 2178
0.328912 0.641199 0.693311 18.427097 812 1488
0.024378 0.346504 0.937732 11.486130 816 1247
0.279185 -0.646603 0.709902 13.493201 816 1336
0.978441 -0.177945 0.104824 30.205496 818 1393
-0.340688 -0.331361 0.879847 10.423258 822 1252
0.344253 -0.220945 0.912509 24.191449 824 1994
0.524044 0.516990 0.676830 22.589599 827 1450
-0.537619 0.840861 0.062602 23.709903 835 915
0.024330 0.493843 0.869211 26.582472 836 2011
0.495963 -0.704648 0.507437 12.128041 846 1216
-0.414084 -0.096640 0.905094 27.996425 851 2109
0.827072 -0.045361 0.560263 14.421270 858 1359
-0.113216 0.387966 0.914694 30.280293 858 2217
0.097071 -0.607502 0.788364 33.775147 865 1362
-0.284134 0.661951 0.693606 30.102767 872 1665
0.578312 0.115676 0.807573 30.983032 897 1992
-0.797488 -0.355266 0.487647 17.960179 900 1394
0.283562 -0.186086 0.940725 23.182115 901 1995
0.141965 -0.028707 0.989455 24.664289 906 2191
-0.598217 0.582909 0.549867 14.724752 909 1302
-0.259521 0.960442 0.101000 13.242268 923 1025
-0.124786 0.149544 0.980849 12.612398 924 1411
-0.833174 0.386547 0.395478 26.256081 929 985
0.455470 -0.771492 0.444238 14.035496 944 1229
0.245299 -0.331828 0.910889 26.488391 950 2222
0.325955 -0.925391 0.193403 46.132391 953 1436
-0.153208 -0.564443 -0.811130 13.367488 958 1056
0.065613 0.637414 0.767723 40.429779 958 3160
0.132129 -0.973158 0.188427 25.687120 959 1987
-0.633604 0.766636 0.103999 19.533617 960 1291
0.166551 -0.495921 0.852246 11.203469 968 1449
-0.427636 0.782019 0.453403 33.346303 970 1450
0.466907 -0.118508 0.876330 36.472886 972 2486
-0.449006 -0.197084 0.871523 20.946301 975 2007
-0.270357 -0.709054 0.651267 20.323508 978 1553
-0.664951 0.628032 -0.404248 31.543556 990 1614
0.448705 0.292032 0.844619 26.777515 990 3294
-0.753780 0.425420 0.500833 31.452706 991 1708
-0.275865 0.418629 0.865245 33.707502 1002 2320
0.777793 -0.085277 0.622709 33.150087 1008 2092
-0.320360 -0.405188 0.856266 20.098071 1013 1838
-0.111615 -0.550176 0.827556 31.004193 1020 1747
-0.110586 -0.795115 0.596291 24.586122 1022 2150
0.118177 -0.037290 0.992292 31.621914 1023 2574
-0.437117 0.775068 0.456288 22.654270 1030 1559
0.191841 -0.100571 0.976259 20.934741 1031 1963
-0.081756 0.214067 0.973392 16.237891 1032 1808
0.755491 0.655144 0.004535 9.517498 1034 1081
0.213549 -0.895298 0.390944 19.382298 1034 1420
0.582774 -0.116110 0.804297 17.757507 1041 1654
-0.648385 0.753238 0.110585 31.606589 1042 1815
0.604308 -0.020805 0.796479 27.193368 1043 2113
0.198874 -0.312438 0.928888 26.821725 1044 2217
0.281907 -0.115135 0.952509 18.116078 1045 1865
-0.294965 -0.279058 0.913850 17.993599 1050 1978
-0.228419 -0.631592 0.740889 28.099599 1052 2220
0.305401 -0.550959 0.776643 29.671005 1060 2137
-0.398723 0.185905 0.898031 23.472379 1061 2184
0.320120 0.225054 0.920257 20.576565 1065 1997
0.534577 -0.492430 0.686833 45.078216 1067 2564
0.246627 -0.798840 0.548662 26.014961 1072 1744
0.383394 -0.140188 0.912884 35.768394 1072 2006
0.276430 0.124695 0.952910 31.926975 1074 3182
-0.430442 0.481301 0.763589 34.242547 1075 1747
0.147020 -0.900754 0.408689 21.664369 1078 1557
-0.242310 -0.292580 0.925031 17.277386 1078 1912
-0.089247 -0.501854 0.860336 20.335094 1090 1665
0.096216 -0.225157 0.969560 18.400664 1102 1883
0.014295 -0.706112 0.707956 21.384684 1105 1884
0.390191 -0.410280 0.824270 29.324625 1110 2234
0.810565 0.263951 0.522795 20.946618 1113 1738
-0.697155 0.189652 0.691381 23.857257 1114 1497
0.336943 -0.596661 0.728330 23.600512 1120 1944
0.651242 -0.592671 0.473947 17.814480 1122 1501
0.135207 -0.990569 -0.022200 37.212971 1131 1133
-0.748627 0.592373 0.297744 22.589087 1133 1466
-0.415808 0.898253 -0.142286 27.984132 1139 1703
0.241664 -0.772261 0.587548 29.589108 1139 2731
0.153638 -0.783568 0.602011 33.138989 1139 2869
-0.080680 -0.449720 0.889518 40.416003 1139 3567
0.171311 0.917119 0.359925 15.812409 1141 1355
-0.444995 -0.065388 0.893143 23.292628 1145 2169
0.603000 -0.666004 0.439124 27.957519 1155 1729
0.128067 0.703323 0.699240 36.174845 1164 2943
0.437530 0.220028 0.871869 31.991931 1164 3048
-0.900766 0.320392 0.293205 39.149370 1165 1797
0.397726 -0.544158 0.738719 15.475402 1166 1803
0.038634 -0.155637 0.987058 34.335514 1169 2863
0.768082 -0.464168 0.441132 19.276528 1202 1450
-0.319750 0.590963 0.740623 13.368404 1215 1603
0.260188 -0.589276 0.764889 27.982692 1215 2300
-0.080708 0.434550 0.897024 24.183861 1217 2409
-0.054195 0.781435 0.621629 28.858317 1222 2217
0.047531 -0.696427 0.716052 22.589786 1225 1976
-0.990086 -0.027669 0.137709 8.465254 1233 1330
0.587687 -0.739084 0.329208 28.794469 1240 2463
0.325753 -0.945371 0.012635 37.769750 1243 1582
-0.174190 -0.672753 0.719070 35.066011 1243 2747
0.263606 -0.960412 -0.090113 13.228414 1247 1336
0.754513 0.644923 -0.121594 12.554738 1247 1337
0.663621 -0.639289 0.388481 30.815881 1259 1946
-0.719257 0.649041 0.247822 21.371065 1264 1458
0.365444 0.449999 0.814832 19.678532 1266 1951
0.030334 -0.627896 0.777706 36.676253 1269 2683
0.143681 -0.159103 0.976751 29.717244 1274 2688
-0.192595 0.604489 0.772981 22.329017 1275 2154
0.699684 -0.695732 0.162479 12.958510 1277 1609
-0.401554 0.705705 0.583725 35.955282 1278 2217
0.428736 -0.695003 0.577197 22.674603 1285 2174
-0.273577 -0.866145 0.418269 14.494091 1287 1482
0.207920 -0.726121 0.655375 51.074307 1289 2888
0.819817 -0.042499 0.571046 46.778377 1311 2402
-0.241785 0.392507 0.887400 12.316431 1315 1851
-0.164684 -0.453884 0.875710 20.257948 1318 2209
-0.147828 0.107583 0.983144 21.029246 1318 2250
0.292595 0.466453 0.834751 18.198117 1321 2019
-0.053392 -0.780000 0.623498 11.059435 1332 2262
0.530797 -0.841233 -0.102868 27.789606 1333 2268
-0.458831 -0.849633 0.259998 35.896532 1344 2004
0.746280 -0.468357 0.472977 25.237115 1345 1952
0.343721 0.264692 0.900996 15.331657 1349 1956
-0.184261 0.055538 0.981307 23.822901 1357 2500
-0.551787 0.445648 0.704932 27.828916 1359 2217
0.825798 -0.551330 -0.118715 34.256577 1362 1764
0.286475 -0.646721 0.706884 14.285229 1365 1765
0.271937 -0.419829 0.865906 35.876959 1379 2975
0.507318 -0.818292 0.270233 22.580564 1380 1726
-0.335749 -0.131675 0.932703 23.949851 1393 2522
-0.578500 0.275563 0.767726 15.405532 1413 1956
0.086582 -0.628125 0.773280 10.003642 1414 1556
-0.780339 -0.349800 0.518374 42.303888 1417 2402
-0.659062 0.633287 0.405691 29.032344 1420 1696
0.070513 0.343209 0.936609 14.285981 1440 2038
0.791359 -0.197796 0.578470 19.035340 1450 2192
-0.546461 0.123131 0.828384 32.069250 1450 2277
-0.130118 0.958387 0.254094 37.149886 1464 1905
0.151992 -0.189204 0.970103 15.302431 1465 2151
0.448435 -0.615014 0.648586 22.483272 1467 2109
-0.638544 0.762660 0.103014 20.124379 1475 2024
-0.121037 -0.588084 0.799692 22.810632 1475 2789
0.547637 -0.836414 -0.022474 16.408687 1482 1576
-0.033543 0.656307 0.753748 23.541200 1482 2514
-0.844703 0.490315 0.214636 19.604243 1494 1782
0.259437 0.167206 0.951175 24.769595 1497 2895
-0.369154 0.035568 0.928687 38.700888 1509 3333
0.243138 -0.855866 0.456484 14.394272 1516 1920
-0.409376 -0.055620 0.910669 18.356407 1516 2505
-0.342159 0.886584 0.311283 22.988470 1520 2027
0.001288 0.690540 0.723293 26.506634 1528 2458
-0.274878 0.605080 0.747208 24.670595 1530 2460
-0.274698 -0.179537 0.944620 29.480663 1541 2847
-0.635886 0.684337 0.356837 8.208697 1547 1791
-0.594933 0.789419 0.151236 18.000348 1551 1646
-0.283132 -0.807544 0.517406 29.343920 1552 1747
-0.281302 -0.919366 0.275019 17.029034 1569 1665
-0.126472 0.940631 0.314989 13.506812 1574 1770
-0.547148 0.633502 0.547088 20.238251 1578 2227
0.715441 -0.328838 0.616450 15.105292 1581 2039
0.311185 -0.804501 0.505908 31.949896 1583 2469
-0.653916 0.204658 0.728360 15.403615 1591 2275
0.102821 0.970985 0.215909 32.314062 1596 1905
-0.805679 0.295983 0.513103 35.109729 1600 2402
-0.250353 0.931006 0.265614 17.642650 1601 1752
-0.297041 0.003211 0.954859 21.567182 1606 2625
0.244334 -0.248054 0.937427 22.624037 1615 2633
-0.022840 -0.233949 0.971981 15.244551 1618 2165
0.489238 -0.644851 0.587208 22.143936 1621 1975
0.717440 -0.692707 0.073733 29.406444 1624 1714
-0.630102 0.046884 0.775096 22.678649 1626 2172
0.024863 0.763879 0.644880 17.802162 1626 2173
-0.462340 0.058050 0.884800 14.432279 1630 2373
-0.532860 0.297958 0.792011 14.712942 1635 2135
0.100783 -0.087463 0.991056 37.123381 1635 2892
0.017188 -0.038471 0.999112 39.761000 1638 4113
-0.607679 -0.689066 0.394861 8.119306 1639 1792
-0.186168 -0.880447 0.436068 10.174310 1640 1999
-0.008415 -0.343545 0.939099 10.331194 1641 2001
-0.513546 0.182277 0.838478 21.997171 1647 3603
0.364126 -0.707228 0.606004 45.553994 1663 2794
-0.314125 -0.009494 0.949334 24.821406 1663 3470
0.476245 -0.879297 -0.005276 30.465992 1665 1874
-0.086237 0.986308 0.140571 31.707732 1665 2117
-0.205707 -0.734095 0.647139 26.242649 1665 2640
0.370958 -0.165282 0.913823 29.142230 1667 2970
0.160265 -0.392017 0.905891 22.967250 1672 2748
0.279257 -0.262728 0.923574 36.053727 1673 2601
0.443564 -0.380597 0.811417 19.570684 1674 2652
0.517531 0.085418 0.851390 14.064237 1685 2485
-0.314115 -0.103173 0.943762 20.107196 1695 2624
0.095654 -0.211238 0.972743 17.014361 1705 2499
0.080897 -0.958551 0.273195 41.907978 1707 3462
-0.229840 -0.392000 0.890792 48.189831 1707 4767
0.332138 -0.617420 0.713076 38.394970 1708 2966
-0.292675 -0.327192 0.898491 24.126096 1710 2735
0.376215 0.359855 0.853795 25.928119 1711 2587
-0.309478 0.840478 0.444770 28.004971 1712 1975
0.704093 0.053325 0.708103 13.189869 1724 2264
-0.191796 0.065217 0.979266 22.425915 1726 2886
-0.770577 0.195243 0.606705 18.706160 1734 2330
-0.958294 0.123453 0.257742 30.019306 1738 2186
-0.664387 0.746465 -0.037139 31.485280 1747 2148
0.344511 -0.937369 0.051486 16.429053 1753 1857
0.057544 -0.815120 0.576427 13.953270 1754 2301
-0.581899 -0.395731 0.710486 21.483823 1756 2494
0.603736 -0.796951 0.019280 24.363549 1763 1820
-0.303085 0.402092 0.863980 41.536535 1766 3251
0.304042 -0.951973 -0.036151 13.334761 1771 1772
0.678955 -0.643986 0.352564 21.114711 1783 2185
0.818443 -0.387860 0.423929 28.297313 1797 2396
-0.449776 0.071846 0.890247 20.044404 1797 2672
0.659844 -0.580213 0.477451 24.355496 1798 2105
-0.457313 0.798633 0.391217 17.214596 1798 2146
-0.650451 -0.636958 0.413760 41.512709 1807 2402
0.385626 -0.762355 0.519719 17.588013 1808 2208
-0.418477 0.905445 0.071041 17.369491 1811 1915
0.704303 -0.543479 0.456714 10.186976 1817 2025
0.499209 -0.359515 0.788377 31.306882 1823 2645
-0.425061 0.882301 -0.202157 20.187454 1830 2326
0.207989 0.972498 0.104820 22.196868 1830 2554
0.015206 -0.719686 0.694133 22.784478 1830 3066
-0.443687 0.895958 -0.020009 16.813232 1845 1903
0.207933 -0.747541 0.630830 21.135297 1862 2451
-0.672621 0.693770 0.257418 25.876762 1863 2217
0.125848 0.565154 0.815330 18.906290 1874 2642
0.489396 -0.350935 0.798333 34.637787 1883 2088
-0.216057 0.934188 0.283923 40.474783 1905 2293
-0.322399 0.310634 0.894184 32.451535 1905 3329
0.491666 -0.108994 0.863936 44.360586 1905 3744
-0.294252 0.106384 0.949789 16.422143 1909 2778
-0.941723 0.047594 0.333005 43.430599 1912 2402
-0.477062 0.073842 0.875762 22.014629 1917 2216
-0.587144 0.602290 0.540841 18.759403 1920 2505
-0.498939 0.047444 0.865338 28.971562 1924 2702
-0.456635 0.601909 0.655126 18.014818 1926 2509
0.271359 -0.596421 0.755411 17.190075 1928 2590
-0.329103 -0.104216 0.938526 47.081174 1929 4056
0.120940 0.851166 0.510775 24.295042 1936 2474
0.688496 -0.479575 0.544041 34.229037 1947 2904
-0.554486 0.244850 0.795358 40.510572 1947 3495
-0.210419 -0.104915 0.971965 17.898313 1950 2721
-0.297256 0.593000 0.748324 22.789009 1950 2858
-0.740052 0.527147 0.417659 21.882372 1953 2397
0.127998 -0.120852 0.984384 13.322039 1956 2575
-0.275953 -0.009073 0.961128 8.444416 1961 2247
0.339645 0.854429 0.393181 12.784963 1963 2248
0.020707 0.203601 0.978835 17.872323 1976 2917
-0.536639 0.604909 0.588306 26.285735 2001 2764
0.553917 -0.797303 0.239759 27.559823 2004 2145
-0.459169 0.844792 0.274756 24.515861 2014 2906
0.193381 -0.680667 0.706609 23.441065 2014 3331
0.566599 -0.814093 0.127346 15.393970 2020 2215
-0.169447 -0.153449 0.973520 8.784707 2020 2579
-0.149357 -0.644389 0.749970 26.885577 2027 2916
0.231247 -0.962507 0.141793 23.262658 2030 2124
0.166913 -0.773657 0.611224 7.561447 2040 2232
0.041483 -0.254586 0.966160 19.279766 2041 2841
-0.085885 0.990092 0.111094 12.616548 2044 2183
-0.238097 0.000042 0.971241 29.457262 2044 3485
0.685819 -0.380178 0.620579 17.061409 2057 2533
-0.344199 0.897291 -0.276398 14.664910 2075 2258
0.166621 -0.381496 0.909230 20.145004 2075 3348
-0.013924 -0.997956 0.062373 15.765945 2084 2129
0.163674 0.214121 0.962997 13.993028 2085 2651
-0.436520 0.670096 -0.600351 26.035719 2088 2518
0.423659 -0.796105 0.432123 19.879150 2089 2474
0.036906 -0.535790 0.843544 29.581007 2094 3171
0.464039 -0.066326 0.883328 38.132431 2097 3688
-0.299941 -0.636480 0.710583 22.383054 2109 2827
-0.630787 0.530842 0.565963 16.227673 2115 2584
0.061443 0.182318 0.981318 33.921211 2118 2794
-0.165503 0.619963 0.766977 43.115863 2119 2794
-0.318808 -0.947560 0.022191 25.515981 2129 2222
0.403381 -0.265782 0.875582 28.710677 2135 2892
-0.749064 -0.191904 0.634094 23.415292 2138 2848
-0.177784 0.468427 0.865430 32.301960 2158 2865
-0.528793 0.157758 0.833961 33.741194 2159 2865
-0.349335 0.049771 0.935675 19.866410 2161 3146
-0.012964 -0.992399 0.122377 28.218903 2167 2315
0.666595 -0.169364 0.725924 21.485836 2168 2587
-0.284648 0.596972 0.750067 24.203102 2173 2645
0.133638 -0.450247 0.882847 16.528367 2180 2980
0.329603 -0.870135 0.366371 23.198159 2181 2604
-0.610866 -0.402442 0.681824 16.296556 2182 2754
0.093966 0.664780 0.741105 16.060939 2183 2710
0.558556 -0.564923 0.607353 42.928536 2184 3315
-0.717962 0.137589 0.682349 18.173771 2187 2893
0.941180 0.325889 0.089313 6.802975 2193 2283
0.732896 -0.658101 0.172529 14.106086 2196 2289
0.544800 -0.837215 0.047577 18.568663 2199 2440
-0.121905 -0.987175 0.103081 19.902394 2211 2253
-0.429648 -0.529232 0.731653 14.261743 2214 2730
0.437134 -0.589223 0.679507 35.727842 2216 4218
-0.664970 0.315271 0.677067 21.102100 2217 2959
-0.522258 0.772119 0.362047 35.334007 2230 2888
-0.251555 -0.253507 0.934053 14.623791 2233 2843
-0.462216 0.696218 0.549215 18.419684 2236 2762
-0.149574 0.114994 0.982041 17.532508 2245 3000
0.288242 0.008511 0.957520 13.021232 2251 3085
0.573159 0.639369 0.512539 9.204366 2268 2471
-0.314793 -0.805329 0.502345 15.506916 2271 2654
-0.221849 0.901296 0.372087 22.842087 2285 2668
0.257559 0.583944 0.769852 13.063866 2291 2815
-0.649914 0.592240 0.476301 14.007450 2310 2580
0.445320 -0.893739 0.054046 27.065879 2316 2418
0.532535 -0.793995 0.293222 14.214773 2317 2549
-0.576233 0.158483 0.801772 34.968148 2317 2794
-0.145532 0.484159 0.862792 19.643110 2320 3111
-0.026159 -0.602891 0.797394 24.352688 2327 3307
0.555656 -0.738154 0.382590 34.011134 2350 4086
-0.696281 0.239272 0.676714 22.594508 2351 2620
0.094136 -0.652989 0.751494 21.099852 2364 3205
0.289958 -0.733824 0.614351 16.457246 2366 2921
-0.011016 0.993928 0.109480 6.325112 2369 2370
-0.174323 0.230476 0.957336 17.966216 2379 3126
0.030471 -0.422093 0.906040 15.183930 2383 3039
-0.302711 0.717460 0.627389 34.389408 2383 3315
-0.461386 0.378333 0.802488 30.423005 2391 3598
-0.328627 -0.533595 0.779282 11.456816 2398 2818
-0.174004 -0.937107 0.302578 27.229943 2400 2776
-0.654518 0.372948 0.657659 25.306959 2400 3139
-0.997321 -0.071650 -0.014705 53.583830 2402 2569
-0.904900 0.047183 0.423001 44.149079 2402 3410
0.861799 0.121810 0.492407 37.398753 2402 3452
0.389457 -0.077731 0.917759 29.510855 2402 3825
-0.538022 -0.011511 0.842852 39.655971 2402 4082
-0.444832 0.537938 0.716064 19.018424 2410 2954
0.154661 -0.292984 0.943525 18.677175 2417 3201
-0.418575 -0.177394 0.890689 25.533954 2424 3424
0.286580 -0.641829 0.711286 28.636437 2435 3279
0.011419 -0.284908 0.958487 13.202202 2446 2955
-0.175573 -0.852704 0.492006 12.130145 2454 2739
-0.198022 -0.977534 0.072206 23.405988 2462 2550
-0.398243 0.433818 0.808211 10.679756 2476 2845
-0.896485 0.247315 0.367628 38.036749 2489 3182
-0.635364 0.581846 0.507708 14.523674 2498 2784
-0.000784 -0.064234 0.997935 27.855418 2500 3709
0.193524 -0.913084 0.358922 11.436959 2504 2699
-0.678757 0.706594 -0.200033 15.926473 2507 2637
-0.510807 -0.060671 0.857552 23.330642 2507 3578
0.143860 -0.657073 0.739972 18.207981 2520 3124
0.210227 -0.636791 0.741824 22.368209 2528 3275
-0.535313 -0.140817 0.832833 30.414088 2560 3728
-0.514513 -0.300880 0.802962 18.385857 2561 3275
-0.659550 0.741016 0.126055 36.606016 2574 2775
-0.917230 -0.030181 0.397214 25.442379 2574 3000
-0.359901 0.814589 0.454880 17.417520 2582 2967
0.270658 0.198597 0.941968 32.940313 2587 4375
-0.191256 -0.814107 -0.548316 24.365137 2593 2646
0.623968 -0.767170 -0.148705 23.547572 2593 3112
-0.399581 -0.617128 0.677856 8.693233 2596 2973
0.619415 -0.758302 0.203234 33.592783 2601 3672
0.791868 -0.607828 0.059073 33.143195 2607 2762
0.373001 -0.216505 0.902217 24.457461 2608 3555
-0.714382 0.675058 -0.184266 31.895496 2616 3505
-0.414115 -0.530457 0.739679 28.723758 2616 4857
0.301025 -0.593734 0.746233 34.174988 2616 5029
0.049797 0.221866 0.973805 34.461211 2621 5080
-0.667137 -0.487695 0.563100 29.849766 2622 3379
-0.646298 0.055276 0.761080 40.210789 2632 4090
-0.100501 0.117286 0.988000 6.098641 2635 2912
-0.036468 0.885493 -0.463219 3.965344 2641 3256
-0.037655 -0.098945 0.994380 21.021519 2641 3623
0.758441 -0.543094 0.360301 40.474579 2662 3315
0.896744 -0.432041 0.095864 11.666276 2664 2760
-0.081682 0.729480 0.679107 22.319412 2675 3279
-0.087232 0.694506 0.714179 34.041620 2683 3784
0.093175 -0.348692 0.932594 23.862229 2691 4422
-0.474468 0.694850 0.540429 20.476826 2703 3201
0.801725 -0.355409 0.480542 13.335279 2723 3135
-0.356426 -0.067271 0.931899 21.962523 2728 3243
-0.454470 -0.687739 0.566102 4.531002 2731 2869
-0.037297 -0.349969 0.936018 12.146174 2740 3584
0.768509 -0.058426 0.637165 18.176200 2759 3271
-0.528332 0.415506 0.740419 19.164127 2759 3404
-0.054707 -0.484178 0.873257 7.826715 2781 3142
-0.226406 0.620192 0.751067 20.801673 2785 4044
-0.618956 -0.195714 0.760651 15.161952 2793 3296
-0.331591 -0.913514 0.235668 34.892693 2794 4052
0.659897 -0.445310 0.605174 22.669408 2797 3583
-0.161757 -0.331722 0.929406 23.658872 2805 3970
-0.353919 0.011059 0.935211 28.332463 2808 4021
0.851124 -0.236473 0.468689 20.934326 2811 3372
-0.493166 0.473223 0.729964 13.833515 2812 3178
-0.386461 0.164701 0.907481 20.840255 2817 3695
-0.150379 -0.555602 0.817737 11.584310 2818 3328
-0.117523 0.346015 0.930839 12.070880 2820 3332
0.035461 -0.027679 0.998988 26.786777 2821 4128
0.117435 -0.444655 0.887970 11.483864 2827 3386
-0.542076 0.837766 0.065588 20.809942 2828 2954
0.855523 -0.379889 0.351801 10.909981 2829 3009
-0.182431 -0.278098 0.943070 20.238608 2836 3666
0.359362 0.097430 0.928098 17.896221 2839 4062
0.456757 0.132476 0.879672 17.374691 2847 3546
0.280312 -0.840273 0.464075 11.400765 2859 2941
-0.276689 -0.358401 0.891623 36.968736 2865 5033
-0.424850 0.396294 0.813912 19.659065 2869 3567
0.913354 -0.380123 0.145916 17.538061 2871 3292
-0.253373 -0.095249 0.962668 16.879087 2874 3621
-0.449123 0.856241 0.255226 15.697286 2877 3018
-0.388144 0.191228 0.901541 19.103555 2879 3714
-0.109177 -0.100685 0.988910 17.945733 2884 3110
0.834854 -0.540320 0.105229 23.815241 2887 3856
0.561043 0.076270 0.824265 34.274005 2887 5259
-0.540582 -0.131972 0.830876 37.999766 2888 4383
-0.656629 -0.278621 0.700863 35.398301 2892 4242
0.109097 -0.304731 0.946170 30.362847 2892 4845
-0.348210 0.097218 0.932362 20.990063 2896 3366
-0.891026 -0.059597 0.450023 8.200815 2903 2993
-0.617744 0.154191 0.771115 6.476653 2907 3189
-0.227084 -0.331137 0.915850 43.648946 2910 3756
0.377215 -0.925500 0.034039 4.128216 2911 3013
-0.196937 0.762078 0.616809 22.692728 2914 3662
0.452506 -0.311351 0.835643 37.206101 2932 4684
-0.671993 0.037202 0.739622 14.491568 2933 3406
-0.164639 -0.117941 0.979277 42.615713 2946 3697
0.414722 -0.897966 0.147182 7.077589 2951 3054
-0.773249 0.383783 0.504774 21.705037 2952 3412
0.591873 -0.434756 0.678730 26.364436 2966 3889
0.161015 -0.251620 0.954338 20.743854 2969 3894
0.120570 -0.846631 0.518343 23.747653 2975 3430
-0.923095 -0.368223 0.110939 13.163163 2976 3353
-0.492253 -0.440439 0.750800 26.587458 2978 4012
0.308599 -0.219877 0.925430 21.080281 2996 3445
-0.214303 -0.820454 0.530028 36.147016 2999 3821
-0.538312 0.483601 0.690181 54.639104 2999 4688
0.036262 0.979208 0.199593 22.684217 3002 3238
-0.015887 -0.040308 0.999061 23.447549 3006 4131
0.908502 0.277640 0.312314 19.843009 3015 3016
0.298109 -0.939164 0.170594 25.228899 3016 3465
0.015098 0.066049 0.997702 9.811357 3020 3391
-0.487488 -0.861373 -0.142800 9.991519 3027 3118
0.233187 -0.731729 0.640466 26.906467 3028 3803
-0.162680 0.450867 0.877641 18.120595 3031 3772
0.610933 -0.253640 0.749952 17.246615 3035 3638
-0.648781 -0.216911 0.729406 27.830462 3038 3437
-0.321257 0.918384 0.231007 33.844300 3039 3315
-0.927690 0.345513 0.141466 11.679948 3043 3075
0.837354 0.096916 0.538001 14.792209 3050 4029
-0.090773 -0.470922 0.877492 23.967284 3053 3829
0.868927 -0.415284 0.269269 22.805423 3053 3834
-0.501676 0.031028 0.864499 32.706106 3056 5401
0.099283 -0.029184 0.994631 23.967955 3058 4175
0.068724 -0.015242 0.997519 23.970780 3062 4225
0.110489 -0.479777 0.870406 34.217048 3070 3547
-0.488249 -0.099907 0.866967 22.801926 3074 3919
-0.362881 0.027314 0.931435 35.301314 3075 4684
0.060488 0.153324 0.986323 25.052547 3076 3813
0.684241 -0.144320 0.714833 30.659055 3091 3838
-0.108135 0.958887 0.262379 25.790929 3101 3345
-0.030214 -0.951630 -0.305757 21.391276 3103 3891
0.409181 -0.857026 -0.313174 26.217557 3110 3302
0.523443 -0.179219 0.833000 11.522519 3118 3631
0.289937 0.302648 0.907932 17.712760 3132 4022
0.312841 -0.620117 0.719434 21.728314 3141 3704
0.691676 0.001172 0.722207 18.398086 3149 3843
0.418778 0.635405 0.648756 8.089156 3165 3360
0.777555 -0.524419 0.346977 25.820308 3171 3592
0.579988 -0.687807 0.436505 23.871534 3190 3659
-0.208568 -0.491554 0.845502 23.357900 3193 4132
-0.639792 0.604316 0.474835 32.835213 3196 3842
0.175046 -0.302435 0.936959 18.662836 3205 4005
-0.071288 0.649428 0.757074 14.048087 3213 3671
0.785639 0.081450 0.613301 14.823706 3228 3690
-0.757416 -0.172505 0.629732 5.898334 3246 3458
0.700115 -0.616852 0.359629 34.676080 3251 3999
0.204826 -0.503036 0.839643 37.748557 3251 4988
-0.119334 -0.931950 -0.342388 32.916489 3262 3587
-0.308965 -0.613879 0.726425 36.531268 3263 5568
0.846717 -0.531067 0.032203 41.007982 3269 3315
0.332975 0.129927 0.933942 16.041428 3270 3437
-0.926614 0.375369 0.022026 21.462793 3279 3372
-0.535229 -0.813471 -0.227585 6.229598 3282 3375
0.742685 -0.342148 0.575633 29.454549 3295 4570
0.021789 -0.787311 0.616171 22.096796 3304 5367
-0.330314 0.537326 0.775998 25.461125 3304 5608
-0.040296 -0.003710 0.999181 49.507178 3304 7602
0.971918 0.034188 0.232821 37.543632 3315 3727
0.098834 -0.758306 0.644363 33.829512 3315 4395
-0.493919 -0.192653 0.847897 12.417394 3317 3682
0.907822 -0.339532 0.246125 24.655301 3318 3555
0.257979 -0.568420 0.781246 22.771159 3318 3974
-0.767095 0.184176 -0.614527 22.075639 3321 3554
0.719474 0.170685 0.673219 20.271893 3321 4741
-0.853282 0.309060 0.419991 14.881042 3322 3555
0.507132 -0.227090 0.831413 33.396585 3334 4764
0.284583 -0.061224 0.956694 38.271577 3342 5683
-0.183032 0.222555 0.957585 23.708341 3343 4431
-0.223856 0.958369 0.177252 9.165069 3346 3467
0.962497 -0.040617 0.268235 8.188457 3346 3470
-0.668210 0.255948 -0.698560 21.617693 3350 3891
-0.423204 0.439682 0.792198 19.422214 3354 4286
-0.180675 0.231217 0.955979 12.714427 3355 3855
0.246837 -0.784017 0.569551 19.853732 3356 3771
0.082398 -0.872851 0.480979 22.125693 3359 3806
-0.063048 0.025096 0.997695 23.526718 3359 4341
0.495595 -0.012184 0.868468 23.818457 3361 3774
-0.313897 0.492378 0.811808 14.070689 3364 4018
-0.126737 -0.293151 0.947629 41.265139 3366 5766
-0.722901 -0.012910 0.690831 23.559937 3372 4118
0.686149 -0.709356 0.161288 14.437803 3373 3409
-0.109538 -0.619127 0.777614 17.433151 3385 3883
-0.212807 -0.129701 0.968448 21.913738 3389 4656
0.161855 0.748209 0.643417 27.062187 3393 4055
-0.292144 0.302819 0.907168 25.005267 3406 4548
0.221360 -0.423419 0.878474 30.759176 3417 3756
0.373289 -0.314203 0.872887 27.879703 3425 5098
0.211182 -0.977005 0.029394 27.479236 3432 3804
0.431592 -0.852569 0.294711 22.221555 3433 4149
-0.042330 -0.071794 0.996521 29.730369 3433 5056
0.893111 -0.443657 0.074310 24.908709 3437 4019
-0.213009 -0.220815 0.951771 30.390512 3437 5418
0.315650 -0.775973 0.546105 18.238293 3439 3687
-0.530809 0.426423 0.732397 6.619446 3442 3735
-0.150452 -0.318330 0.935965 20.136724 3445 4799
0.130047 -0.637897 0.759062 16.405867 3446 4079
0.249696 0.325237 0.912071 30.457183 3463 5043
-0.207868 -0.406918 0.889499 19.444232 3471 4324
0.211746 -0.700148 0.681877 15.374500 3473 3945
-0.151295 0.298847 0.942232 27.423764 3476 4010
0.526165 -0.849875 0.029375 16.874029 3488 3489
0.415404 -0.909284 -0.025354 13.811616 3513 4264
-0.533390 0.720576 0.443019 26.327361 3514 4128
-0.652607 -0.035213 0.756878 20.131581 3523 4216
-0.737679 0.367166 0.566585 23.031793 3524 4219
0.315510 0.118688 0.941471 19.887074 3527 4273
-0.576558 -0.525537 0.625613 30.157801 3533 4622
0.353263 -0.136414 0.925525 15.936541 3534 4183
-0.082653 -0.091555 0.992364 14.792889 3541 4239
-0.115959 -0.276916 0.953872 16.582783 3542 4291
0.747635 -0.554995 0.364723 14.865419 3543 3810
-0.929654 0.289576 0.227791 27.289609 3547 4734
0.457962 -0.464568 0.757923 37.113545 3555 5019
-0.965839 0.249763 0.069093 15.765297 3557 3596
-0.850821 0.368814 0.374272 10.847806 3559 3601
-0.339685 -0.293776 0.893482 35.754701 3567 4607
0.709865 0.585914 0.390891 8.484421 3569 3754
-0.580867 0.417722 0.698643 23.236384 3578 3711
-0.113490 -0.651999 0.749678 14.005367 3578 4137
-0.682148 0.195631 0.704559 29.953144 3583 4534
0.087625 0.942570 -0.322311 10.872853 3589 3636
0.584067 -0.479977 0.654590 28.973462 3593 4548
0.450628 -0.036099 0.891982 38.660238 3598 5222
0.608941 -0.266986 0.746933 36.385229 3604 3697
0.451475 -0.881540 0.138052 17.115231 3605 3785
0.099596 -0.192151 0.976298 32.784492 3624 3947
-0.630129 0.439168 0.640367 25.661883 3625 4485
0.213390 -0.584487 0.782841 25.358459 3627 4622
-0.227167 0.246333 0.942186 14.010268 3629 4230
0.334631 0.810170 0.481297 11.656556 3635 3910
0.653467 0.753595 -0.071241 4.662278 3669 3766
0.299781 0.539402 0.786878 4.162758 3669 3958
0.453121 -0.371875 0.810179 22.016048 3677 4447
0.993609 -0.094127 -0.062293 13.061043 3679 3775
0.052758 -0.803600 0.592827 19.669358 3687 4452
0.349432 0.527113 0.774628 19.812338 3688 4399
-0.042803 -0.441864 0.896060 20.732844 3693 4554
-0.956705 0.210323 -0.201195 36.051950 3697 4599
-0.973310 -0.227285 0.031781 40.244994 3697 4968
-0.612151 0.314710 0.725416 20.363547 3700 4647
0.874025 -0.481664 -0.063875 26.286493 3706 4368
0.115549 -0.238731 0.964187 28.087617 3706 5898
-0.642009 0.688158 0.338029 24.364994 3709 3937
-0.767726 0.174961 0.616430 32.759217 3710 3756
0.710956 0.385408 0.588220 14.064114 3714 3897
-0.590566 -0.259885 0.763997 23.203027 3721 5568
-0.193111 0.467783 0.862489 17.771605 3722 4669
0.033696 -0.426993 0.903627 5.731710 3725 3864
-0.527574 0.805833 0.268883 23.370725 3740 4122
0.099412 -0.862445 0.496292 35.435255 3744 4601
-0.163509 0.290063 0.942936 17.000073 3746 4263
0.631374 -0.710146 0.311545 36.231894 3749 4311
0.148644 -0.871131 0.468012 19.094246 3750 4033
0.324780 0.102893 0.940176 13.286281 3751 4312
0.326197 -0.068166 0.942841 47.246015 3756 6373
-0.507350 -0.431547 0.745897 52.734503 3756 6814
0.434438 0.094114 0.895771 26.257782 3760 4934
-0.248359 0.136117 0.959057 29.864285 3763 3947
-0.317098 0.134103 0.938864 13.891450 3764 4226
-0.857656 -0.091460 0.506024 11.050348 3765 4099
-0.425633 -0.300064 0.853697 4.226002 3766 3958
0.682067 -0.131098 0.719442 34.828977 3770 5986
0.148325 0.254075 0.955743 37.856215 3770 6446
0.768318 -0.639915 -0.013979 11.370449 3772 3859
0.527059 -0.706886 0.471721 25.987171 3773 4446
0.710222 -0.633736 0.306534 45.832190 3774 4682
-0.780637 -0.171025 0.601130 29.264931 3778 4504
0.824338 -0.559192 -0.088150 18.125376 3779 3781
0.406622 -0.277429 0.870455 26.413979 3779 4915
0.637997 -0.736258 -0.225574 14.322333 3783 4413
0.881284 -0.338798 -0.329475 4.550490 3783 4512
-0.196577 -0.872693 0.446949 31.852197 3783 5281
0.243088 0.310124 0.919093 28.448596 3783 5944
-0.207671 0.014319 0.978094 14.618767 3786 4468
0.407505 0.385877 0.827670 27.541611 3797 4134
-0.345676 -0.488037 0.801453 28.335905 3798 4134
-0.677598 0.606410 0.416087 25.123520 3802 4232
0.677085 -0.518694 0.522028 22.206245 3810 4345
0.263085 -0.240617 0.934286 17.181135 3818 4509
0.381234 -0.472055 0.794874 12.807630 3820 4353
0.259094 -0.920432 -0.292703 16.869917 3822 4029
0.423475 -0.875315 0.233437 16.429928 3828 4085
-0.887570 0.388989 0.246791 9.981544 3829 4695
-0.385157 0.739025 0.552718 12.769497 3829 4697
-0.569559 0.336423 0.749948 22.102824 3829 5438
-0.551617 0.467548 0.690737 23.111653 3837 4561
0.013907 -0.712808 0.701221 18.463176 3838 4818
-0.976261 0.055635 0.209332 24.757755 3845 3997
-0.536574 0.652173 0.535499 19.905097 3847 4372
-0.208711 -0.490750 0.845934 19.101472 3848 4567
-0.075998 0.533587 0.842324 19.800135 3854 4719
0.716300 -0.575778 -0.394200 5.185413 3883 3885
-0.375621 -0.584371 0.719319 18.683734 3887 4362
-0.290074 0.353487 0.889328 36.357702 3891 4434
0.753735 -0.656430 -0.031364 29.927906 3897 4056
-0.080817 -0.214032 0.973478 18.521012 3897 4887
-0.172796 0.040583 0.984121 21.135397 3898 4890
0.674142 -0.365310 0.641935 19.290059 3907 4498
-0.043873 -0.172341 0.984060 18.243600 3908 4947
0.682365 -0.705170 0.192647 16.467187 3909 4190
0.467460 -0.221415 0.855836 10.544933 3912 4343
0.316533 -0.868643 0.381139 11.869194 3913 4109
0.319293 0.008014 0.947622 22.718023 3929 4974
-0.447417 -0.484206 0.751906 13.545128 3933 4361
-0.804568 0.204617 0.557497 44.602862 3936 4607
0.005544 -0.289566 0.957142 12.017109 3938 4480
0.653611 -0.717328 0.241316 14.611022 3939 4133
0.803280 -0.593369 0.051521 26.872301 3944 4222
-0.928367 0.342850 0.143488 23.042695 3944 4273
-0.702254 -0.569816 0.426789 21.740541 3944 4566
0.696235 -0.123465 0.707116 34.170509 3945 3947
0.761487 -0.383738 -0.522381 39.002478 3947 4227
0.696909 -0.711222 -0.092089 28.836485 3947 5151
0.812346 -0.566661 0.137803 17.697918 3949 4099
-0.036818 -0.297308 0.954072 39.107453 3951 5096
0.442124 0.083790 0.893032 19.542353 3954 4717
0.785834 0.217537 0.578916 6.581330 3962 4061
0.365173 -0.288020 0.885264 19.752024 3974 5067
-0.500263 -0.346641 0.793459 27.017829 3975 4957
0.351828 -0.636921 0.685965 24.593058 3979 4644
-0.327919 -0.520116 0.788637 13.717376 3987 4557
0.266956 0.177969 0.947133 20.009702 3988 4918
0.548327 -0.153216 0.822108 24.182672 3992 4922
0.232113 0.728797 0.644188 11.746006 3994 4267
-0.374935 -0.535473 0.756765 22.021009 3997 4174
-0.570948 0.759850 0.310881 33.127416 3997 4612
-0.558553 0.401629 0.725750 21.121493 3997 4820
-0.322915 -0.427229 0.844513 24.747944 3997 4986
-0.016661 -0.896777 0.442170 12.225616 4001 4178
-0.369188 0.659935 0.654359 41.624220 4001 5308
0.323474 -0.926656 0.191501 14.285002 4004 4180
0.853715 -0.509124 0.109374 34.228605 4006 4055
-0.837825 0.215379 0.501658 27.464060 4006 4619
0.901077 -0.020318 0.433183 25.444262 4007 5454
-0.020638 0.346293 0.937899 26.766344 4007 5601
-0.570345 0.604461 0.556177 17.181358 4009 4490
0.038706 -0.677496 0.734508 15.132424 4010 4663
0.609079 -0.738305 0.289704 37.094545 4012 4288
-0.275150 -0.225342 0.934620 19.788828 4017 4902
-0.032963 -0.770037 0.637147 10.951741 4018 4296
0.195013 0.253470 0.947482 29.137413 4031 4978
0.560837 -0.789916 0.247981 14.620596 4035 4168
0.735334 -0.551291 0.394161 21.429704 4042 4478
-0.714251 0.698444 0.044950 25.273483 4049 4175
0.904345 -0.370168 0.212452 36.659142 4073 4463
0.078558 -0.925954 0.369375 18.197056 4081 4304
-0.871862 -0.056039 0.486535 9.497479 4082 4409
0.104358 -0.074895 0.991716 15.063753 4083 4691
-0.263395 0.257056 0.929809 8.952252 4102 4492
0.378447 -0.657025 0.651994 15.788411 4104 4666
-0.353935 0.488110 0.797796 20.763926 4105 4834
-0.714209 0.569828 0.406449 41.353303 4128 4758
0.458309 0.373224 0.806633 12.472263 4132 4564
-0.326756 -0.224399 0.918083 20.474391 4136 5145
-0.062779 -0.336884 0.939451 13.911670 4145 4838
0.076083 -0.481697 0.873029 31.043339 4154 5575
0.095026 0.052756 0.994076 46.196325 4157 7723
0.144368 0.343059 0.928153 20.264633 4168 4607
-0.482194 0.702195 0.523843 21.241348 4171 4767
0.060015 0.276015 0.959278 4.415018 4174 4986
0.465232 -0.709097 0.529849 32.393930 4175 4987
-0.881867 0.239934 0.405886 19.700041 4177 4653
-0.324496 0.822459 0.467188 46.729338 4178 5308
-0.520982 0.357195 0.775235 20.638700 4191 5063
-0.377113 -0.068910 0.923600 17.378400 4198 5014
0.743870 -0.414268 0.524442 42.194427 4213 4978
-0.388230 0.627525 0.674900 21.193181 4223 4932
0.738685 -0.255413 0.623785 23.056423 4226 4377
0.990230 0.058945 0.126370 18.176649 4229 4232
-0.272086 -0.380887 0.883682 7.926641 4230 4573
-0.192845 0.376102 0.906288 24.762101 4230 5456
0.073800 -0.305923 0.949192 23.333836 4247 5422
0.738322 -0.674365 0.010561 31.003917 4253 4688
0.444345 -0.521481 0.728434 25.864382 4256 4972
-0.745514 0.655736 0.119242 20.783501 4260 4556
0.114113 0.368840 0.922461 17.788421 4260 5231
0.085741 0.484211 0.870740 12.909961 4267 4868
0.551352 -0.183177 0.813915 15.461396 4282 4832
0.070883 -0.938430 0.338120 18.796172 4284 4667
-0.209584 0.029751 0.977338 12.519769 4286 4997
-0.251807 0.095405 0.963063 19.710092 4291 5207
0.212293 -0.047444 0.976054 10.606449 4296 4789
0.380564 -0.441454 0.812582 25.999359 4299 5379
-0.350923 -0.660135 0.664135 18.470737 4300 4792
-0.888381 0.195161 0.415562 14.253636 4304 4752
-0.452110 0.774931 0.441676 25.248727 4307 4804
0.054085 -0.725474 0.686122 15.210244 4312 4867
-0.021151 0.307686 0.951253 30.058204 4315 5546
-0.472932 0.635933 0.609856 22.680999 4324 5090
-0.604906 0.726786 0.325377 19.090322 4325 4933
0.598189 -0.227649 0.768339 5.875350 4325 4935
0.055722 -0.632558 0.772506 13.805660 4330 4942
-0.028386 0.078968 0.996473 45.479152 4336 6660
0.345757 0.521570 0.780011 24.100553 4340 5161
0.503044 -0.129851 0.854451 23.286095 4342 5870
-0.796920 -0.141469 0.587287 17.852717 4347 4736
0.167783 -0.712844 0.680957 15.899047 4347 4910
-0.578310 0.067444 0.813025 14.862438 4352 5074
0.489033 -0.608136 0.625314 24.811093 4368 5299
0.478685 0.828661 0.290141 12.358622 4371 4565
0.426416 -0.597536 0.679059 26.852320 4373 5360
-0.637644 0.756419 -0.145738 24.501563 4377 4888
-0.663452 0.706651 0.245920 28.524630 4378 4889
-0.559633 0.370857 0.741132 22.427779 4383 5203
-0.278517 0.400745 0.872830 34.017679 4388 5370
-0.285459 0.335484 0.897755 18.906801 4389 4445
-0.555052 -0.057331 0.829837 20.615293 4398 4850
-0.351441 -0.528004 0.773111 24.257600 4401 5020
0.349819 0.059808 0.934906 36.557624 4401 6682
0.142587 -0.589123 0.795363 29.748053 4403 5724
-0.488105 0.857079 0.164831 10.504563 4413 4512
-0.505620 -0.397354 0.765806 19.532786 4418 5128
-0.700974 0.051320 0.711337 23.890758 4418 5234
-0.604400 0.439371 0.664570 22.242290 4420 4699
0.699467 -0.258691 0.666202 35.500330 4423 5683
0.168102 -0.498086 0.850678 17.578733 4425 5549
0.368666 -0.752536 0.545688 25.282554 4435 5095
-0.275515 -0.702080 0.656639 14.775795 4438 4780
0.061175 0.415276 0.907636 20.287773 4438 5914
-0.406089 0.236174 0.882787 32.403421 4445 5826
0.311812 -0.402717 0.860577 16.791361 4447 5264
0.163867 -0.783659 0.599188 21.115539 4448 5831
-0.676815 0.313173 0.666217 17.375931 4456 4739
-0.250460 -0.391478 0.885446 34.519273 4462 6110
0.354096 -0.784734 0.508733 19.363319 4466 5028
-0.053590 -0.511102 -0.857848 12.879678 4472 4693
-0.053262 0.208150 0.976646 22.542720 4472 6414
0.786867 -0.608875 0.100557 27.082038 4489 4664
0.057553 -0.685230 0.726049 26.961844 4491 5454
-0.190131 -0.807367 0.558577 22.089506 4494 5203
0.274671 -0.860733 0.428595 15.397208 4505 4744
-0.604862 -0.589780 0.535072 10.531098 4515 4807
0.595826 0.581687 0.553744 33.792915 4516 4978
-0.227912 0.866390 0.444324 19.780780 4522 4814
0.394834 -0.811363 0.431040 26.416751 4530 5143
0.928822 0.365605 -0.060182 19.695606 4540 5568
0.413104 -0.670011 0.616791 14.765232 4547 5018
-0.191487 -0.106605 0.975688 16.149197 4549 5383
0.322617 -0.612945 0.721260 21.104227 4551 5473
0.352006 -0.060761 0.934024 29.827714 4561 6014
-0.131379 0.618749 0.774525 19.930890 4573 5456
0.091931 -0.676844 0.730363 22.573882 4581 5516
0.747294 -0.662907 0.045890 18.560024 4582 4585
0.546605 -0.311094 0.777459 48.410062 4589 7723
0.295768 0.033045 0.954688 14.782549 4590 5334
0.783414 -0.396128 0.478900 11.175569 4592 4966
-0.586846 0.433843 0.683660 16.659648 4595 5025
0.540252 0.383730 0.748919 17.403939 4602 5438
-0.495666 0.480634 0.723399 35.318495 4607 6368
-0.605502 -0.263286 0.751031 31.710079 4607 6423
-0.238179 -0.176009 0.955140 26.352821 4608 5960
-0.653704 0.498936 0.568975 35.273045 4610 5596
0.286287 -0.307718 0.907386 22.855277 4611 5634
0.030779 -0.893760 0.447489 16.323757 4618 5091
-0.593844 0.581841 0.555708 23.713785 4622 5197
-0.239817 -0.311382 0.919526 33.165688 4622 6086
-0.351462 0.035954 0.935511 22.180377 4623 5603
0.452735 -0.005224 0.891630 17.191225 4631 5416
-0.366157 -0.029491 0.930085 22.147215 4634 5515
0.762696 -0.594216 0.255348 9.009229 4643 4799
-0.307120 -0.435768 0.846040 20.787307 4660 5561
0.155584 -0.613485 0.774228 21.229160 4669 5513
-0.282136 0.731899 0.620260 30.037330 4670 5703
0.711995 -0.133447 0.689387 41.391828 4682 5419
-0.876437 -0.315547 0.363713 35.241582 4682 5709
-0.545266 -0.259177 0.797191 31.731178 4682 6347
-0.750862 -0.177726 0.636097 21.068992 4688 5476
0.479720 0.676084 0.559267 8.215343 4695 4697
-0.619251 -0.161548 0.768395 12.386915 4697 5438
-0.749341 0.623163 -0.223957 25.565247 4699 4861
-0.375773 -0.353840 0.856500 10.009335 4707 5141
-0.693482 0.664632 0.278114 42.746861 4710 5743
0.299754 -0.783245 0.544679 22.701495 4719 5366
-0.387300 -0.114350 0.914835 19.311173 4746 5583
0.516581 -0.692282 0.503875 30.667382 4764 5590
-0.149114 0.025742 0.988485 30.260028 4764 6269
0.165848 -0.787201 0.593977 25.686751 4767 5797
0.739996 -0.670674 0.051017 21.040499 4768 4770
0.814532 -0.576972 0.060342 28.709313 4770 4877
0.643964 -0.692306 0.325612 36.039714 4774 5308
0.023811 0.766332 0.642003 33.014144 4785 5370
0.504076 -0.749487 0.429157 19.460290 4789 5211
-0.310505 0.940968 0.134778 11.483000 4797 4913
-0.192889 -0.403211 0.894547 22.147913 4802 5781
-0.638725 0.640048 0.427047 13.815665 4814 5185
-0.213673 0.385567 0.897598 28.204149 4815 6564
-0.540763 0.741539 0.397107 9.377776 4817 5083
-0.292078 0.744356 0.600521 27.998459 4821 5634
0.781728 0.000101 0.623620 28.704585 4823 5969
-0.097706 -0.079133 0.992064 36.284773 4823 7171
0.438629 -0.859851 0.261267 39.779385 4826 5308
0.432666 0.199353 0.879238 16.722582 4827 5808
-0.692415 0.095617 0.715136 16.287472 4833 5507
0.240875 -0.096743 0.965723 12.653077 4835 5458
-0.232408 0.254566 0.938713 19.943888 4838 5368
0.156278 0.270058 0.950077 19.713803 4840 5988
-0.507249 0.839394 0.195235 31.211721 4850 5526
0.769655 -0.283354 0.572137 42.700391 4850 6504
-0.561123 -0.652083 0.509832 20.057876 4858 5387
0.363061 0.723038 0.587710 8.450012 4862 5131
-0.575677 0.468520 0.670138 34.883003 4889 5974
0.033643 0.449595 0.892599 17.516611 4891 5604
-0.129826 -0.905449 -0.404114 20.098817 4893 5568
-0.507107 0.540509 0.671336 24.779815 4898 5760
0.664005 -0.584004 -0.466944 11.537036 4906 4956
-0.055176 -0.162963 0.985088 30.735492 4911 6790
0.682009 -0.212000 0.699942 38.784683 4914 6167
-0.666588 -0.070438 0.742091 40.205077 4914 6407
-0.453596 0.195348 0.869534 20.474672 4916 5779
0.195732 -0.235448 0.951973 12.686150 4924 5495
-0.327094 -0.323043 0.888062 13.004474 4936 5558
0.465039 -0.656275 -0.594174 4.576053 4937 4990
-0.802678 0.461120 0.378253 20.788765 4940 5914
0.245795 -0.619303 0.745686 4.388053 4947 5004
-0.565687 0.253922 0.784552 25.931318 4951 6150
0.034228 -0.117197 0.992519 38.057592 4972 7104
0.018769 -0.596632 0.802296 32.849873 4976 5792
-0.818096 -0.011990 0.574956 38.835938 4978 6560
-0.009751 0.436214 0.899790 21.122769 4982 5739
-0.961855 -0.272767 -0.020808 5.815264 4989 5044
-0.023276 -0.643008 0.765506 17.821234 4996 5697
-0.446137 -0.853357 0.269711 42.619583 4999 5458
0.578386 0.091655 0.810598 17.366832 5010 5655
-0.628344 0.350568 0.694468 10.821224 5014 5329
0.764823 -0.548250 0.338331 19.644834 5030 5173
-0.532281 -0.539225 0.652621 29.727102 5041 5850
-0.220625 -0.562238 0.797003 26.233200 5043 6021
-0.857766 -0.073903 0.508700 8.889362 5044 5250
-0.521733 0.772323 0.362370 34.555936 5049 5646
-0.951930 -0.153334 0.265175 7.649134 5050 5201
-0.137742 0.744677 0.653057 32.240069 5059 6097
-0.224950 0.953098 0.202490 11.443451 5066 5168
0.174300 0.372244 0.911622 28.935339 5075 6116
0.644349 -0.706419 0.292892 14.066407 5077 5287
-0.089935 0.394794 0.914358 14.028582 5077 5788
0.946771 0.192967 0.257660 19.636344 5078 5439
-0.461453 -0.495795 0.735696 21.981411 5078 6062
-0.195299 -0.771300 0.605768 25.009225 5080 5890
0.107260 0.723644 0.681787 12.798525 5086 5595
0.775921 -0.429706 0.461843 21.502471 5087 5497
0.202805 -0.723843 0.659486 22.975053 5089 6430
0.161722 -0.764099 -0.624499 22.120491 5096 5153
-0.469200 0.358438 0.807077 24.363588 5096 6877
-0.307439 -0.509581 0.803622 32.305441 5096 7181
0.262921 -0.583491 0.768382 26.693737 5106 6150
0.812722 -0.410310 0.413677 20.672411 5107 5522
-0.345123 0.159530 0.924900 15.068322 5112 5836
-0.177435 -0.727637 0.662616 15.141623 5113 5523
-0.631273 -0.041876 0.774429 32.733961 5116 6504
-0.757888 0.622617 -0.194818 35.757631 5133 6014
0.621551 -0.694326 0.362746 43.462031 5133 7054
-0.232152 0.024508 0.972371 29.174910 5133 7628
-0.675623 -0.111006 0.728843 34.548280 5142 5686
-0.361508 0.424000 0.830383 23.048360 5145 6022
0.404965 -0.700592 0.587516 22.423995 5155 6535
0.514137 -0.473122 -0.715415 32.019607 5157 5568
0.306954 -0.668193 0.677715 20.253066 5157 6340
-0.516393 -0.405718 0.754142 27.180021 5157 6775
0.302286 -0.837908 0.454460 14.628643 5160 5610
-0.748501 -0.030690 0.662423 29.489511 5177 5792
-0.778075 0.585205 0.228331 23.671346 5180 5487
0.698316 -0.445898 0.559938 21.768573 5183 5295
-0.611079 0.321513 0.723334 11.746101 5193 5690
0.913157 -0.120087 0.389516 8.088365 5199 5563
-0.275140 0.885542 0.374317 16.662539 5199 5695
-0.408223 0.820286 0.400605 16.619531 5208 5516
-0.182126 -0.295142 0.937935 29.959207 5211 5872
0.394808 -0.777328 0.489783 10.071955 5218 5581
0.050250 -0.007114 0.998711 18.420991 5220 6682
0.384065 -0.884401 -0.265198 24.711555 5233 5344
-0.485890 -0.370469 0.791621 23.983147 5233 6688
-0.132853 0.689835 0.711672 31.754978 5236 5792
-0.393213 0.812827 0.429762 28.984131 5239 5350
-0.437410 0.464677 0.769901 14.997414 5250 5854
-0.512593 0.200414 0.834915 18.948264 5251 6076
-0.338749 -0.695126 0.634074 12.662601 5253 5559
0.040060 -0.682771 0.729534 17.631009 5253 5693
-0.078604 -0.652658 0.753564 28.128101 5259 5702
0.390337 -0.021801 0.920414 16.204469 5259 5919
0.156317 -0.006134 0.987688 18.008736 5261 6200
-0.679732 -0.301510 0.668623 13.990522 5266 5710
0.480167 -0.733486 0.481080 29.553619 5282 6470
-0.166920 0.585433 0.793351 37.880953 5297 7016
-0.860166 -0.275895 0.428949 22.608588 5298 5847
-0.484437 -0.587024 0.648632 19.768422 5306 5902
-0.890452 0.435641 0.131577 42.315673 5308 5639
-0.857959 0.295074 0.420522 49.608070 5308 6480
-0.296875 -0.422166 0.856529 41.875383 5308 7174
-0.416583 0.202562 0.886243 50.376232 5308 7547
-0.515659 0.856759 -0.007722 15.521721 5328 5375
-0.062209 -0.440367 0.895660 8.124247 5339 5667
-0.381418 -0.302574 0.873481 20.893373 5343 6358
0.310838 -0.943305 0.116432 38.885622 5350 6178
-0.709358 0.416427 0.568683 21.610651 5356 6369
-0.604042 0.796891 0.009894 25.026531 5358 5405
-0.152504 -0.732180 0.663819 31.110246 5362 6087
-0.165717 -0.481739 0.860503 21.643107 5365 6338
-0.032440 0.663934 0.747087 17.434325 5366 6040
0.611441 -0.783664 0.109597 38.809087 5370 6096
-0.144392 0.229725 0.962485 21.129187 5378 5524
0.842416 -0.360005 0.400912 21.516068 5379 5720
-0.549257 -0.158087 0.820564 16.560331 5382 5718
-0.400121 -0.089559 0.912076 41.650894 5388 6637
-0.890613 -0.404899 0.207039 16.030414 5397 5630
-0.289893 0.240642 0.926312 23.441647 5397 6603
0.669117 0.691794 0.271486 12.827897 5399 5593
-0.477968 0.061617 0.876214 19.399233 5401 6272
0.123868 -0.943594 0.307063 13.234357 5406 5636
-0.912613 0.356881 -0.199432 23.414861 5413 5863
0.230280 -0.725594 0.648448 25.056768 5413 6241
0.920943 -0.099321 0.376828 22.741560 5413 6537
-0.202029 -0.671021 0.713383 37.086230 5419 7404
0.641307 -0.523406 0.561045 20.313390 5420 6057
0.567797 0.149218 0.809531 13.668132 5425 6109
0.120746 -0.153883 0.980684 13.017198 5432 6170
-0.807550 0.336575 0.484335 29.075152 5454 5601
-0.072324 0.975743 0.206628 42.954255 5455 6086
0.406706 0.830869 0.379799 22.935113 5456 5815
0.272475 -0.863061 0.425303 17.784629 5458 5983
0.497247 -0.341764 0.797460 33.963543 5463 6155
0.509714 0.344550 0.788338 20.774178 5463 6348
0.189676 -0.239248 0.952252 21.647532 5465 6498
-0.361993 -0.419487 0.832461 22.456151 5466 6934
0.033573 -0.359521 0.932533 9.871835 5499 5967
-0.011115 0.993694 0.111577 21.750999 5507 5562
-0.877203 -0.150329 -0.455978 20.755144 5524 5926
-0.538911 0.837392 -0.091375 29.274237 5524 6302
-0.089216 -0.965243 0.245655 26.117929 5524 6730
0.587069 -0.450319 0.672728 21.464917 5524 7198
-0.183676 0.958298 0.218924 3.214942 5528 5578
0.202531 -0.903119 -0.378627 23.133782 5540 5676
-0.402339 0.319453 0.857947 17.436773 5544 6321
-0.699210 0.695413 0.165849 30.264699 5546 6124
-0.018699 -0.801814 0.597281 33.773634 5550 7583
-0.656290 0.110140 0.746426 26.819384 5550 7629
0.437753 -0.204314 0.875573 28.590180 5550 7667
-0.736296 0.264870 0.622665 15.154999 5553 6129
0.651551 -0.422023 0.630379 7.667441 5559 5693
-0.151868 -0.639409 0.753719 48.609718 5568 6394
0.421084 0.202304 0.884173 25.770184 5576 6845
0.539009 -0.795065 0.278100 12.154021 5584 5776
-0.248448 -0.276603 0.928313 33.076547 5596 7227
-0.876012 0.419455 0.238037 7.194915 5605 5644
0.061066 -0.645909 0.760969 25.469316 5610 6618
-0.670249 -0.348304 0.655324 28.566044 5614 6543
0.607851 -0.012708 0.793950 22.771288 5619 6355
-0.847178 0.214674 0.486008 12.683818 5621 6060
-0.166510 -0.238723 0.956706 8.674757 5627 5886
-0.216281 0.968774 0.121245 33.758303 5646 5916
0.281922 -0.065576 0.957194 20.396543 5664 6632
-0.277138 -0.616861 0.736666 14.888817 5669 6313
0.841113 -0.449394 0.300957 22.019661 5670 5940
-0.611913 -0.074172 0.787440 33.531385 5686 7666
-0.524801 0.378810 0.762291 17.766766 5696 6291
-0.784705 -0.017023 0.619635 29.375802 5702 7602
-0.087919 -0.663203 0.743258 34.129493 5703 6985
-0.088566 -0.082826 0.992621 27.580226 5707 7192
0.696273 -0.506517 0.508571 11.355525 5708 6047
-0.598377 -0.577338 0.555541 16.578932 5714 6254
-0.167940 -0.344923 0.923485 21.882163 5718 7095
0.181507 -0.060570 0.981522 14.483699 5719 6306
-0.641858 -0.003654 0.766814 26.329987 5723 6732
-0.218484 -0.085364 0.972100 29.957379 5732 6641
0.688292 -0.707032 -0.162358 5.369246 5736 5794
0.593894 -0.424213 0.683618 16.785807 5737 6272
0.170913 -0.482592 0.859007 37.785464 5739 7166
-0.680980 0.292843 0.671199 18.924626 5745 6379
-0.907831 0.399054 -0.128836 26.066571 5771 5878
-0.476061 -0.670879 0.568584 13.705295 5771 6629
-0.363300 -0.033952 0.931053 15.331166 5774 6793
-0.294227 -0.252791 0.921698 24.310366 5777 6856
-0.105631 -0.575518 0.810938 16.695291 5779 6510
-0.243242 0.186665 0.951835 21.228010 5779 6857
-0.216586 -0.618350 0.755469 26.494349 5786 6858
0.482262 -0.802010 -0.352424 30.152990 5792 5845
-0.250545 0.892631 0.374749 44.171485 5792 7213
-0.353271 -0.351777 0.866864 26.824576 5795 6473
-0.642976 0.466022 0.607787 27.249982 5799 6697
0.355532 -0.779297 0.516036 21.609548 5810 6077
-0.752826 0.155130 0.639678 13.162408 5816 6139
-0.196120 -0.448193 0.872158 31.676253 5820 6540
0.085653 -0.854559 0.512243 33.895021 5826 7564
0.081594 0.473425 0.877047 32.312014 5828 6843
0.325963 0.469842 0.820364 17.599882 5830 6935
-0.914297 0.154995 0.374217 16.613898 5833 6203
0.296425 -0.340551 0.892277 26.875057 5836 6787
-0.171759 -0.086596 0.981326 19.468214 5848 6811
0.510414 0.447371 0.734395 17.677571 5865 6489
0.118744 -0.037076 0.992232 28.125840 5871 6843
0.224396 0.114219 0.967781 21.019795 5874 6848
0.126815 0.778535 0.614655 10.209428 5879 6208
0.931281 -0.184053 0.314387 12.874177 5885 6118
-0.029050 0.462670 0.886054 13.455665 5891 6515
-0.338772 0.081761 0.937309 13.807589 5893 6563
0.200141 0.967478 0.154691 6.212091 5910 6033
-0.038278 -0.821506 0.568914 17.597215 5914 5916
0.202188 -0.522789 0.828137 20.625616 5922 6583
0.729982 0.088438 0.677721 23.641803 5925 6893
0.112673 -0.355095 0.928015 35.367824 5926 6454
-0.782663 -0.332832 0.525986 29.807658 5926 6668
-0.602943 -0.242706 0.759970 19.719495 5928 6255
0.448554 0.724060 0.523961 6.426335 5932 6057
-0.514374 -0.505842 0.692491 14.285889 5934 6459
-0.942373 0.142659 0.302625 36.370762 5936 6504
-0.934393 -0.199944 0.294841 28.469566 5943 6116
-0.706176 0.032697 0.707281 26.921828 5947 6316
-0.669568 0.311012 0.674500 25.231905 5948 6642
0.704560 -0.111400 0.700846 18.175326 5949 6559
0.646517 -0.502782 0.573782 16.179320 5952 6517
0.562633 -0.283908 0.776428 23.844862 5964 7055
-0.717287 0.692545 0.076687 27.636229 5979 6240
-0.009240 0.495764 0.868408 25.434146 5979 7240
-0.596235 -0.213042 0.774027 29.818453 5979 7281
-0.530319 -0.847798 -0.000322 12.369741 5981 6041
0.761055 -0.546930 0.348802 19.592010 5985 6341
-0.284714 0.042989 0.957648 27.120643 5985 6540
0.952443 0.302849 0.033686 25.999982 5990 5993
-0.607277 -0.453596 0.652277 12.238978 5991 6455
0.600301 0.472023 0.645626 7.814890 5992 6304
-0.109945 -0.872065 0.476879 23.244782 5993 6501
-0.801542 0.360658 0.476923 16.579344 5999 6546
-0.896465 -0.079792 0.435870 15.719089 6005 6359
-0.339249 -0.229529 0.912265 22.321055 6013 6959
-0.564855 -0.275810 0.777732 18.210151 6027 6654
-0.526195 0.357669 0.771487 12.631488 6039 6534
0.710339 0.064775 0.700873 14.763750 6039 6616
-0.311316 -0.346224 0.884992 18.359811 6040 6882
-0.131499 -0.253044 0.958476 15.305996 6051 6727
-0.863214 0.405459 0.300774 16.831451 6059 6357
-0.817868 0.253026 0.516788 17.794286 6064 6518
0.497648 -0.857378 0.131340 11.239815 6065 6181
0.507904 -0.384525 0.770827 18.487995 6071 6479
-0.306121 0.625711 0.717478 11.431307 6073 6428
-0.492610 -0.082694 0.866312 17.393315 6075 6769
-0.055027 -0.987926 0.144822 30.507887 6081 6331
-0.179119 -0.739243 0.649181 32.937577 6087 7424
0.653981 0.177110 0.735487 23.984349 6096 6990
0.036874 -0.770416 0.636475 41.469597 6097 7433
-0.024298 -0.284232 0.958448 14.139020 6116 7044
-0.104783 0.069689 0.992050 31.950734 6127 7166
-0.701891 -0.201419 0.683213 27.542118 6130 6373
-0.629596 -0.061987 0.774446 33.594155 6143 7837
0.154812 0.049733 0.986691 23.742943 6146 6397
-0.274615 -0.760743 0.588096 17.141250 6147 6782
-0.802299 -0.195367 0.564046 20.549436 6150 6664
0.235221 -0.550854 0.800769 24.171279 6153 6585
0.090661 -0.307672 0.947163 23.087282 6162 7256
0.061122 -0.112640 0.991754 23.162636 6164 7257
-0.894329 0.046689 0.444968 8.500462 6165 6686
0.257911 -0.424306 0.868013 18.021497 6165 7154
-0.562787 -0.288767 0.774523 40.112258 6167 7783
-0.050059 -0.584822 0.809615 6.978464 6175 6416
-0.022025 0.472793 0.880898 16.808630 6179 6908
-0.741075 0.031355 0.670689 31.211829 6183 7315
0.075285 -0.816520 0.572388 19.662834 6187 6653
-0.309042 -0.328844 0.892387 9.734231 6210 6798
-0.116352 -0.644712 0.755519 17.215882 6215 6903
-0.254025 0.960408 0.114406 38.958366 6220 6690
-0.353985 -0.489352 0.797013 22.440170 6230 7167
0.317225 -0.434385 0.843017 26.993500 6234 7323
0.427810 0.636876 0.641379 15.518266 6238 6484
-0.233819 0.065790 0.970052 15.788136 6238 6980
-0.201155 -0.830183 0.519935 25.269655 6241 7481
-0.204483 -0.775079 0.597862 20.930981 6244 6925
-0.815785 0.475268 0.329568 27.138827 6246 6717
-0.534992 -0.808528 0.245084 21.770466 6249 6618
-0.094508 -0.914959 0.392325 16.590282 6257 6627
0.792342 0.437297 -0.425401 16.869484 6271 6369
0.034477 -0.873922 0.484842 15.621085 6271 7014
0.337930 -0.157423 0.927912 21.775148 6279 7230
-0.417992 -0.098015 0.903147 18.829819 6280 7169
0.866557 -0.100420 0.488871 29.040046 6303 6999
-0.261929 -0.167482 0.950444 27.951120 6303 7610
0.353825 -0.122353 0.927274 35.493467 6306 7805
-0.319920 -0.673406 0.666465 16.710481 6318 6904
-0.334302 0.068141 0.939999 29.351522 6323 7502
0.692910 -0.450002 0.563360 27.361124 6324 6911
-0.228430 -0.657747 0.717767 18.964191 6324 6961
0.034200 -0.601955 0.797797 12.401836 6340 6885
-0.708761 0.372082 0.599344 31.932088 6341 6540
0.406897 -0.850898 0.332278 25.205427 6346 6723
-0.035699 -0.945596 0.323378 14.654294 6349 6498
-0.883678 0.261455 0.388272 19.592608 6354 6681
-0.347704 -0.460217 0.816886 21.625579 6373 7120
-0.273863 -0.226362 0.934751 28.969749 6373 7790
0.363012 -0.372940 0.853896 29.981113 6373 7923
0.858544 0.407718 -0.310915 6.417226 6375 6429
-0.308521 0.797070 0.519128 24.648434 6375 7121
0.322622 0.884951 0.335823 20.184381 6377 6653
-0.216437 -0.500089 0.838490 21.483648 6378 6768
-0.245960 0.061032 0.967357 23.806366 6384 7471
0.273930 -0.475591 0.835928 18.207871 6386 7130
0.253465 -0.414729 0.873931 26.494867 6393 6983
0.182282 0.321754 0.929111 22.250577 6395 7355
-0.283338 0.627581 -0.725163 27.928143 6400 6623
0.385630 -0.705719 0.594349 23.859380 6401 7254
-0.853408 0.519478 0.042857 35.920099 6406 6504
-0.857504 0.218993 0.465543 25.986983 6407 6853
0.680111 -0.376301 0.629163 45.106045 6407 7783
-0.445345 -0.737374 0.507884 13.432269 6411 6745
-0.186728 -0.970570 0.152075 7.121287 6412 6512
-0.360648 -0.313393 0.878475 17.642904 6426 7165
-0.138723 0.680471 0.719524 27.873332 6433 7322
0.257574 -0.255312 0.931918 18.680920 6435 7388
-0.531561 0.575376 0.621600 8.697268 6436 6528
0.400165 0.693583 -0.599007 18.190249 6440 6442
0.316990 -0.476881 0.819818 31.670254 6440 7891
0.230797 -0.187355 0.954794 18.222346 6446 7428
-0.077629 -0.624560 0.777109 16.483892 6459 6460
0.648100 -0.040646 0.760470 18.625891 6467 7205
0.231340 -0.668990 0.706352 19.715539 6472 7221
0.127185 0.983509 -0.128581 22.157120 6473 6810
-0.926226 0.336832 -0.169264 32.932789 6476 7161
-0.574176 0.805567 -0.146230 37.909255 6476 7224
0.467487 -0.665923 0.581380 62.199231 6476 7987
0.888640 -0.367709 0.274059 7.357224 6479 6763
0.462170 -0.372492 0.804766 28.801745 6479 7461
-0.035361 0.327009 0.944360 4.806482 6494 7247
-0.818094 0.429547 0.382377 40.822367 6498 6843
-0.970154 0.019083 0.241739 36.615578 6504 6945
-0.610141 -0.298219 0.734025 37.894747 6504 7778
-0.293835 0.109045 0.949616 17.160349 6521 6870
0.146097 -0.506131 0.849992 11.117592 6523 7060
-0.872397 0.414221 0.259508 17.205822 6525 6654
0.218173 -0.015832 0.975782 22.028173 6536 7520
-0.006702 -0.263502 0.964636 37.933563 6538 7927
-0.166412 0.673533 0.720181 15.517804 6541 7078
0.112621 -0.054652 0.992134 21.007529 6564 7540
0.081092 0.979823 0.182675 16.804235 6565 6646
-0.060418 0.607970 0.791658 19.967725 6594 7447
-0.942499 -0.175903 0.284172 18.797692 6595 6901
0.492021 -0.797118 0.350026 14.304489 6600 6804
-0.587539 -0.016002 0.809037 15.458139 6605 7223
0.222449 -0.838665 0.497150 15.069886 6612 7023
-0.067924 -0.438398 0.896211 17.267107 6617 7356
0.639102 -0.237595 0.731504 18.809824 6620 7249
0.437040 -0.659884 0.611187 26.131663 6630 7530
-0.103117 -0.198445 0.974672 16.566888 6633 7488
-0.636440 0.362503 0.680834 35.950049 6650 7166
-0.187884 -0.448272 0.873929 27.449629 6660 7716
0.257852 -0.446812 0.856663 16.671345 6662 7189
-0.968923 -0.211334 0.128555 19.644060 6667 7141
0.462047 -0.848625 0.257582 18.264642 6678 6733
-0.043112 -0.878444 0.475896 29.988028 6681 7362
-0.331530 -0.504242 0.797388 22.872227 6682 7037
-0.405484 0.380242 0.831263 11.701061 6686 7300
-0.190272 -0.883856 0.427311 23.782730 6687 7208
-0.346544 0.044208 0.936991 11.740204 6688 7260
-0.207698 0.963947 0.166334 32.196063 6690 6750
-0.720527 0.676058 0.154228 27.007231 6690 6957
0.438058 -0.847517 0.299700 7.950691 6701 6973
0.051668 -0.369958 0.927611 17.517346 6702 7466
-0.181917 -0.769557 0.612118 35.126910 6714 7681
-0.802037 -0.454379 0.387654 29.330910 6725 6843
0.462136 0.087410 0.882490 30.360237 6738 7784
-0.240517 -0.259068 0.935433 11.793072 6743 7304
-0.066567 0.972079 0.225015 16.859573 6747 7111
-0.224920 -0.872061 0.434650 27.892035 6749 7214
0.286715 -0.339616 0.895799 23.624020 6763 7461
-0.354464 -0.123930 0.926821 18.139679 6766 7812
0.513831 0.040840 0.856919 17.324597 6773 7393
-0.150739 -0.888404 0.433609 14.906723 6776 6884
-0.052552 -0.192705 0.979849 19.656716 6780 7688
-0.128967 0.958625 0.253783 23.427389 6781 7082
0.632395 -0.339077 0.696493 22.155244 6790 7613
0.492646 -0.696038 0.522331 42.970837 6791 7096
0.501576 -0.528912 0.684597 22.283625 6804 7454
-0.255478 -0.104249 0.961178 36.564325 6814 7939
-0.991042 -0.084339 -0.103552 10.304556 6826 6877
-0.027621 -0.394581 0.918446 18.623712 6840 7524
-0.557464 0.822760 -0.110905 33.342577 6843 7139
0.714683 -0.577464 0.394668 23.132624 6843 7692
-0.170641 -0.286823 0.942663 18.608001 6855 7615
0.286213 0.152017 0.946030 16.719925 6858 7496
-0.626907 -0.241989 0.740560 13.635323 6878 7421
0.645670 -0.760009 0.074141 17.136213 6880 7425
-0.408362 -0.646176 0.644746 20.315861 6903 7495
-0.996996 -0.006896 -0.077150 23.360964 6911 6961
0.366976 -0.289938 0.883892 24.425153 6911 7867
-0.148944 -0.703844 0.694565 12.721497 6915 7382
-0.588109 0.153996 0.793985 24.752357 6925 7683
0.225404 -0.147805 0.962989 10.037925 6933 7293
-0.716727 -0.548103 0.431145 8.686610 6934 7252
-0.117704 -0.285729 0.951055 17.135284 6943 7654
-0.751298 0.234958 0.616722 21.054113 6947 7568
0.076341 -0.091369 0.992887 10.886997 6984 7684
-0.569638 0.760064 0.312754 29.882935 6986 7283
0.771887 -0.618852 0.145646 26.696609 6992 7142
-0.933348 -0.050713 0.355373 34.805955 6999 7610
-0.513264 -0.470367 0.717854 12.896578 7009 7371
0.069245 0.994959 0.072538 10.945939 7013 7014
0.216733 -0.437826 0.872545 11.696690 7013 7413
0.478754 -0.708856 0.517994 8.211481 7017 7378
-0.394556 0.337641 0.854590 13.012127 7024 7509
0.119723 -0.041653 0.991933 18.167193 7029 7819
-0.732628 0.631940 0.252801 17.671980 7032 7325
-0.680462 -0.708104 0.188575 13.262369 7033 7075
0.214439 -0.072470 0.974045 16.586109 7033 7523
-0.576435 -0.527078 0.624429 11.998347 7035 7357
-0.433043 -0.320605 0.842429 19.452255 7037 7748
0.535499 -0.744231 0.399200 13.520990 7041 7784
-0.695365 0.081722 0.713995 16.404348 7050 7498
-0.431134 0.855825 0.285810 26.708415 7069 7513
0.300056 0.745709 0.594881 9.642380 7086 7357
0.159443 -0.961029 0.225835 40.783223 7096 7929
-0.084350 -0.702753 0.706416 26.245040 7096 7970
0.115022 -0.306313 0.944956 24.859725 7099 7929
-0.068135 0.230530 0.970677 12.343083 7103 7622
-0.492731 -0.506753 0.707402 16.920188 7110 7660
-0.041380 0.338945 0.939896 10.015872 7120 7790
0.378257 0.442514 0.813082 22.187028 7134 7837
0.101008 -0.231321 0.967620 12.755777 7142 7650
0.255770 -0.629830 0.733414 25.410583 7154 7930
-0.988222 0.098218 0.117346 6.525064 7168 7229
0.614990 -0.709385 0.344326 18.313538 7185 7426
0.669443 -0.250794 0.699249 20.340661 7192 7743
-0.336975 0.938707 0.072649 32.156553 7207 7303
-0.663362 0.546914 0.510721 30.477206 7243 7837
-0.104931 -0.267459 0.957839 19.664159 7261 7883
0.783947 0.521168 0.337357 26.932096 7276 7912
-0.611366 0.446975 0.653028 29.173588 7282 7892
-0.436766 0.819546 0.370917 15.246609 7285 7427
0.421140 -0.421257 0.803233 19.284256 7285 7837
0.732312 -0.523140 0.435939 14.776679 7304 7573
0.536783 -0.157562 0.828878 16.251783 7308 7806
-0.214626 0.656275 0.723353 15.304251 7313 7725
0.200471 -0.929876 0.308450 22.841975 7316 7664
0.401577 -0.879980 0.253715 25.656865 7349 7595
-0.431736 -0.135310 0.891793 17.880978 7354 7522
-0.377231 -0.036069 0.925416 11.960231 7359 7745
-0.324186 -0.757303 0.566918 23.166338 7362 7824
0.458774 -0.092588 0.883716 14.634190 7391 7818
-0.534720 -0.673800 0.509968 11.949356 7394 7600
0.040026 -0.521875 0.852082 13.600024 7397 7801
0.539866 0.319811 0.778631 7.053352 7416 7545
0.378963 -0.925170 0.021163 20.146241 7420 7466
-0.831585 -0.377714 0.407183 13.097856 7434 7803
0.750646 -0.590212 0.296951 16.182472 7444 7622
-0.953941 0.292908 0.064812 37.075539 7451 7537
0.146028 -0.936050 0.320136 13.517521 7466 7631
-0.703108 0.702349 0.111110 27.950323 7477 7595
0.408968 -0.649217 0.641298 12.644754 7486 7909
-0.403023 0.504353 0.763676 22.089969 7504 7704
-0.716547 0.284081 0.637071 18.726956 7511 7905
-0.930628 -0.201765 0.305324 12.953589 7519 7677
-0.268013 -0.429138 0.862560 15.988657 7522 7975
-0.211621 -0.482532 0.849929 18.822154 7530 7825
-0.061359 -0.592465 0.803256 19.856044 7533 7911
0.444385 -0.764064 0.467684 23.414163 7534 7882
0.485966 -0.801181 -0.349207 20.021267 7558 7717
0.532930 -0.042193 0.845107 13.890150 7565 7897
0.304859 -0.425658 0.851984 15.475928 7587 7903
-0.634862 0.570896 0.520604 20.905084 7602 7603
-0.185241 0.807300 -0.560315 16.470628 7607 7776
-0.146236 0.688010 0.710815 14.297748 7623 7624
-0.426974 0.850901 0.306040 18.213811 7645 7836
0.154598 -0.025661 0.987644 11.622912 7671 7831
-0.366457 0.838314 0.403658 24.162349 7672 7903
-0.757938 0.240145 0.606515 13.368648 7691 7860
0.439273 -0.535657 0.721187 41.500223 7723 7780
-0.701637 0.400971 0.589006 51.238425 7723 7805
0.239750 0.959823 0.145806 25.536588 7740 7858
-0.260341 -0.960147 0.101684 12.721433 7798 7915
-0.085174 -0.297048 0.951056 27.042717 7805 7981
-0.383984 -0.090085 0.918935 15.608842 7812 7960
0.778530 -0.557724 0.287809 18.658818 7825 7962
-0.232207 0.925832 0.298185 24.108939 7884 7939
0.179715 -0.938851 0.293704 12.603191 7918 7945
