0.056204 0.088565 0.076602 0.927503 12 1091
-0.090691 0.053114 0.189959 0.992139 14 1666
-0.350217 0.118809 0.179242 0.735708 26 244
-0.060944 -0.121502 0.287805 0.853619 27 389
0.078312 -0.073351 0.170992 0.977837 30 1219
0.041838 0.023357 0.149769 0.958692 34 1416
0.174992 -0.074183 0.322401 0.982307 41 841
-0.059305 0.051925 0.130945 0.973854 44 1349
-0.053180 0.070230 0.107560 0.968258 49 1988
0.023135 -0.076063 0.140289 0.933003 50 1215
0.216270 -0.155282 0.111074 0.982595 51 82
-0.004225 -0.058409 0.173957 0.992643 64 1666
-0.178697 0.167490 -0.079468 0.964029 73 182
0.271905 0.050607 0.095444 0.940075 82 663
-0.029346 0.149630 0.165250 0.987473 83 863
-0.146071 -0.058484 0.100038 0.440397 109 154
0.228266 0.234737 0.223636 0.998211 117 297
-0.102265 0.179388 0.117619 0.959424 148 556
-0.155707 0.294975 0.328468 0.990750 150 792
0.138503 -0.183178 0.200978 0.974142 152 576
-0.114434 0.052211 0.094195 0.996442 153 1197
0.148297 -0.020129 0.013125 0.922723 157 749
0.003756 -0.029846 0.358992 0.985035 165 1391
-0.234604 0.135362 0.127029 0.946300 168 439
0.045070 0.108612 0.293896 0.980179 170 892
0.109068 -0.040507 0.218101 0.953088 175 1304
-0.250597 -0.165556 0.166195 0.844407 200 335
-0.084862 0.143786 -0.066170 0.999640 216 425
0.215723 -0.046457 0.144511 0.975037 216 1387
-0.034738 0.171925 0.075592 0.984686 216 1474
-0.182542 -0.066720 0.226823 0.918846 221 845
-0.065452 -0.185192 0.009153 0.990834 231 705
0.112453 -0.086590 0.295245 0.995955 247 1407
0.044017 0.046655 0.108975 0.672651 248 996
-0.097464 0.014838 0.133967 0.992816 252 1215
0.177106 -0.025636 0.022383 0.967045 265 555
-0.271200 -0.243766 0.134965 0.962134 266 732
-0.003360 0.045926 0.199958 0.899010 269 1037
0.001242 -0.056081 0.171907 0.956162 287 1388
0.074482 0.019678 0.197176 0.891556 308 1100
-0.130051 0.143935 -0.007544 0.990792 315 530
-0.142146 -0.036711 0.176950 0.995947 316 989
0.021155 -0.033322 0.123154 0.788181 340 1550
-0.231844 0.222480 0.160668 0.976728 342 493
-0.012437 0.254147 0.257922 0.737806 344 684
-0.132402 -0.113642 0.044542 0.880272 348 1155
-0.057316 -0.102006 0.164459 0.974369 362 1333
-0.055477 0.080556 0.064146 0.929644 363 1091
0.052040 0.051771 0.175040 0.987917 369 1345
-0.041927 0.089906 0.181467 0.920067 372 1572
-0.080363 -0.135216 0.096663 0.836937 382 1487
-0.034670 0.159424 -0.019029 0.997257 384 452
0.118816 -0.045506 0.048945 0.858676 385 1402
0.049514 -0.089065 0.090480 0.962763 388 1360
-0.065404 -0.078386 0.056160 0.861706 388 1402
0.089956 -0.040327 0.232155 0.866344 395 1064
-0.078409 0.170857 0.169982 0.941457 401 914
-0.128040 -0.146459 0.244484 0.965856 406 956
0.034209 -0.100160 0.024463 0.920280 421 1197
-0.025354 0.044437 0.114658 0.980205 423 2084
0.140002 -0.069028 0.010745 0.938381 427 840
0.047863 0.132666 0.165757 0.962102 441 1166
-0.073119 -0.060441 0.182794 0.974669 442 1251
-0.055860 -0.026455 0.116832 0.969478 454 1897
0.083963 -0.082455 0.081976 0.905474 459 996
-0.034507 0.152029 0.126806 0.996774 461 993
-0.037957 -0.068450 0.232180 0.972414 467 1140
-0.111557 0.103897 0.044924 0.803746 468 1180
0.051665 0.216210 0.054899 0.578119 471 778
-0.122155 0.018183 0.205411 0.981074 471 1494
0.132865 -0.003880 0.222355 0.997168 497 1379
-0.014838 -0.056060 0.154572 0.917306 498 1430
-0.058900 0.228616 0.044823 0.972825 504 693
0.088249 -0.102463 0.219058 0.984520 509 1291
0.030021 -0.071570 0.118635 0.989695 510 1615
-0.091444 -0.033517 0.094000 0.956692 514 699
0.163966 -0.037341 0.146222 0.993807 514 1163
0.318409 -0.046009 0.259028 0.960733 515 889
-0.138024 -0.068926 0.183951 0.980017 518 1096
0.279239 0.089989 0.054427 0.994715 522 647
0.069465 -0.090978 0.055290 0.984857 524 936
0.014675 -0.132990 0.115731 0.933336 529 989
0.025737 -0.090441 0.040129 0.829108 532 859
-0.034916 -0.132440 0.116485 0.974589 535 1103
-0.131032 0.030232 0.065502 0.944045 539 905
0.293259 0.110553 0.069340 0.951916 545 546
0.022657 -0.165643 0.058863 0.987057 547 1031
-0.073460 -0.021494 0.132556 0.956074 557 1598
0.010141 -0.046223 0.098962 0.993487 560 2395
0.077827 0.056639 0.278817 0.975223 568 1605
0.051607 0.040489 0.133292 0.976983 570 1332
-0.056551 0.112036 0.156525 0.988600 574 1381
0.059266 -0.053150 0.055884 0.934914 585 1618
-0.081085 -0.082571 0.094401 0.912123 591 1572
-0.067275 0.081539 0.116014 0.957559 594 1760
-0.102608 -0.055314 0.188740 0.905755 598 1352
-0.186147 0.115977 0.231977 0.987206 600 1134
0.031537 0.030531 0.153356 0.974551 600 1678
0.016612 0.019374 0.189758 0.960697 604 1491
-0.072147 0.104470 0.134393 0.993275 608 1218
-0.214809 -0.015432 0.030667 0.985612 627 671
0.200959 0.018703 0.403101 0.988431 629 1280
-0.033055 0.007528 0.088528 0.958601 634 2630
0.001466 -0.181863 0.208401 0.996813 641 1245
0.001268 0.112986 0.103308 0.938982 642 1618
0.031419 -0.173039 0.090937 0.955419 648 813
-0.022224 0.080249 0.119202 0.967871 648 1525
-0.039588 0.086539 0.032898 0.966779 649 895
-0.053351 0.091423 0.129801 0.976942 652 1306
-0.026518 0.099098 0.143863 0.999548 653 1486
0.029307 -0.029914 0.102132 0.953163 654 2374
-0.002835 -0.108820 -0.006149 0.878267 660 906
0.018415 0.027733 0.090582 0.701535 670 1370
0.050475 -0.097791 0.016151 0.943916 675 1550
0.088060 0.089706 0.171728 0.936216 676 1551
-0.079908 -0.215328 0.002933 0.967419 678 1550
0.185971 0.289964 0.029795 0.784305 679 835
0.075676 -0.069428 0.154646 0.941607 680 1428
-0.138453 0.020887 0.199397 0.989137 693 1385
0.046685 -0.068114 0.061810 0.971526 695 1565
0.035311 0.075087 0.088586 0.999005 697 1971
-0.110602 0.077118 0.026587 0.904243 698 844
0.069620 -0.064067 0.046013 0.997963 699 2553
0.007743 0.001446 0.133438 0.997009 703 2056
-0.016153 0.030796 0.208510 0.952191 708 1530
-0.014473 0.010064 0.108557 0.996687 717 1408
0.034459 -0.137779 0.047538 0.998475 722 1030
-0.183983 0.068665 0.161251 0.992681 726 1415
-0.220136 0.038413 0.118303 0.996359 728 1145
0.100364 0.048238 0.161955 0.989413 730 1500
-0.139499 -0.185243 0.040245 0.845532 732 831
0.024164 0.031518 0.217420 0.999391 735 2395
-0.025604 0.032315 0.131163 0.919979 738 1915
-0.108697 0.215692 0.072563 0.960550 755 1015
0.063836 -0.092741 0.069445 0.981988 758 1397
0.011015 0.084692 0.099040 0.994467 758 1718
-0.005619 -0.135385 0.095238 0.968345 759 1302
0.135997 -0.033719 -0.006314 0.946289 762 855
-0.064376 0.297626 0.053580 0.982409 762 897
-0.039923 -0.049893 0.125783 0.971176 771 1934
-0.069233 0.061000 0.136786 0.998384 777 1870
-0.137202 -0.205566 0.192598 0.967252 804 1565
-0.076894 -0.019890 0.138127 0.968576 819 1860
0.016561 -0.106668 0.049628 0.950512 830 2207
-0.047161 0.005647 0.139435 0.786141 831 2294
-0.066281 -0.059568 0.115429 0.993971 833 1913
-0.052227 0.072097 0.058782 0.820408 840 1561
-0.031683 0.043300 0.103180 0.988193 857 2513
-0.095417 0.147907 0.035863 0.862581 859 1312
0.066357 -0.067357 0.044650 0.954501 859 2101
-0.000130 -0.025939 0.124187 0.868480 859 2656
0.004651 0.089162 0.046373 0.782561 866 1693
0.040133 -0.054360 0.149893 0.998416 868 1831
-0.007962 -0.005380 0.103727 0.991210 875 2711
-0.069862 -0.014523 0.156395 0.994050 876 1747
-0.112000 -0.063070 0.142259 0.960308 881 1159
0.070340 -0.040752 0.119385 0.945092 881 1659
0.130424 0.012383 0.044607 0.904549 894 1168
-0.033815 -0.102366 0.020742 0.946300 894 1348
-0.230294 -0.040076 0.094568 0.957028 894 1521
-0.170001 -0.103318 0.040438 0.942420 895 2728
0.070455 0.100895 0.176191 0.958438 895 3056
-0.035954 0.078617 0.076604 0.985704 895 3178
-0.090632 0.032034 0.209792 0.913627 902 1725
0.009697 -0.065359 0.043651 0.826894 905 2201
-0.046924 0.067674 0.091290 0.935668 905 2382
-0.193086 -0.028573 0.171714 0.906900 906 1867
-0.098473 -0.055112 0.105969 0.914358 920 1370
0.137225 -0.005053 0.083557 0.953921 929 1566
-0.061347 0.093217 0.089133 0.933735 929 1710
-0.102204 0.101698 0.428388 0.865633 932 1344
0.065424 -0.103072 -0.048946 0.870225 960 1076
0.073129 -0.186866 0.144330 0.988727 962 1369
-0.071435 -0.055600 0.088796 0.971250 969 1476
0.056038 -0.116033 0.123959 0.989080 970 2222
0.055483 -0.051850 0.061265 0.958727 977 1572
0.105043 0.086187 0.337110 0.999687 978 1392
0.174000 0.208704 -0.043564 0.964621 979 1018
0.166507 -0.016028 0.266604 0.993198 979 1438
-0.186044 0.181064 0.090800 0.972028 981 1167
-0.043522 0.353148 -0.117943 0.900932 982 1020
0.037766 0.135676 -0.041761 0.990950 987 1024
-0.063868 0.093047 0.056971 0.951388 993 1586
0.148814 -0.133016 0.156591 0.855054 994 1316
-0.080369 0.012341 0.028977 0.951074 996 2516
0.041908 -0.113824 0.103409 0.958076 1000 3197
-0.106270 0.037674 0.048790 0.976008 1001 2110
-0.073877 0.174426 0.114897 0.963643 1005 1548
-0.011304 -0.037375 0.128466 0.819115 1007 1648
0.042311 -0.002727 0.134830 0.978971 1009 2630
0.010111 0.046579 0.075480 0.958625 1019 2697
-0.009800 0.186430 0.206784 0.959865 1023 1488
-0.011549 0.104892 0.034653 0.776617 1024 1581
0.079242 -0.089509 -0.033669 0.844724 1037 1648
-0.083580 0.112404 0.195704 0.911262 1052 1894
0.326225 0.028304 0.035195 0.989004 1079 1152
0.112940 -0.202658 0.112808 0.954680 1083 1331
-0.075336 0.067377 0.028521 0.991131 1086 1560
0.093204 -0.110953 0.068311 0.999442 1089 1091
-0.137671 0.116749 -0.011321 0.825537 1090 1091
-0.110848 0.014797 0.056022 0.987133 1091 2408
0.037769 0.049284 0.175656 0.974475 1091 2719
-0.042089 0.133681 0.045143 0.983359 1092 1293
-0.129675 0.113525 0.095831 0.998849 1096 1618
0.070125 0.026938 0.152049 0.930911 1100 1767
0.016116 -0.139185 -0.014558 0.958067 1103 1174
-0.079670 -0.017270 0.167646 0.997243 1105 2031
-0.129492 -0.231890 0.110852 0.999350 1106 1535
-0.024030 -0.144180 0.176846 0.975149 1114 1701
-0.007496 -0.250358 0.123551 0.991931 1116 1466
0.001223 -0.106332 0.127672 0.993373 1123 1968
0.056286 0.005613 0.044671 0.890073 1125 2268
-0.065539 0.085707 0.103088 0.958955 1132 1353
-0.061129 0.086674 0.152137 0.974141 1161 2016
-0.041796 0.050844 0.108883 0.986990 1162 2267
0.148736 -0.022885 0.039365 0.991159 1164 1760
0.039612 -0.039120 0.205423 0.980146 1165 2149
-0.055621 -0.177330 0.026645 0.998291 1174 1264
-0.011586 -0.079657 0.152592 0.991633 1177 1771
0.048283 -0.039860 0.044294 0.914424 1182 2253
-0.022474 -0.045818 0.075929 0.788096 1188 2206
-0.043944 0.030301 0.093627 0.985885 1192 2393
-0.201276 -0.001411 0.114794 0.830627 1194 1428
0.131403 -0.129517 0.032306 0.982164 1195 1378
0.064180 -0.098423 0.032114 0.659259 1197 1963
-0.063793 0.028301 0.090601 0.808609 1197 2542
0.152859 0.028105 0.159054 0.961123 1197 2545
-0.009692 -0.080922 0.090203 0.900457 1197 2761
-0.313945 -0.127369 0.014377 0.892727 1205 1572
-0.005538 -0.129850 0.010244 0.997133 1210 1359
0.008771 0.003520 0.215150 0.993469 1215 2105
0.018234 -0.067792 0.167722 0.972502 1216 1408
0.098098 -0.040233 0.107475 0.989082 1225 2068
0.041728 0.055862 0.155389 0.935945 1235 2401
0.005623 -0.321852 0.126714 0.981233 1250 1717
0.062892 -0.235904 0.136321 0.998936 1251 1720
-0.092023 0.022498 0.346394 0.901619 1255 1625
0.030702 -0.066356 0.121826 0.993306 1256 1926
0.270582 0.075220 0.199963 0.976768 1263 1769
0.012635 -0.047293 0.260175 0.929765 1281 1840
-0.135317 0.001786 0.177729 0.921148 1289 1794
0.087886 -0.185323 0.167673 0.945218 1296 1924
0.006714 0.235762 -0.063787 0.898925 1297 1343
0.013649 0.123015 0.073460 0.996563 1301 1523
0.066214 -0.088490 0.061873 0.983787 1304 2026
-0.113301 -0.058847 0.227846 0.953379 1314 1817
0.017538 0.019668 0.189750 0.980217 1317 2249
0.065437 -0.162286 -0.021297 0.939494 1320 1414
-0.272322 -0.053533 0.125301 0.975790 1329 1554
0.059874 0.106228 0.184984 0.897489 1332 1961
0.040398 0.055942 0.060959 0.762501 1346 2149
0.082065 -0.134895 -0.005740 0.947799 1355 1862
-0.084456 0.013918 0.064754 0.995030 1355 2697
-0.094106 0.041875 0.051738 0.775711 1356 2374
-0.185854 -0.030355 -0.013986 0.935270 1360 1402
-0.039008 0.201711 0.056329 0.937858 1360 1812
0.042066 -0.023852 0.043740 0.768050 1360 2479
0.052684 -0.169986 0.074775 0.973666 1365 1778
0.128005 -0.097921 0.048387 0.959342 1370 1954
0.127296 -0.063247 -0.005577 0.958926 1371 1427
-0.081166 0.204135 0.106397 0.957753 1379 1509
0.094266 -0.031411 0.060628 0.999054 1386 2313
0.002228 0.061739 0.122443 0.991582 1386 2904
0.024808 -0.068955 0.244256 0.932223 1387 1848
-0.022922 0.059235 0.059190 0.978626 1391 2553
-0.121530 0.023288 0.067030 0.859520 1402 2377
0.109398 0.220492 0.198558 0.990414 1406 2103
0.015112 0.207665 0.057647 0.983402 1408 2928
0.104073 -0.054574 -0.014926 0.978166 1416 1693
-0.060262 -0.117496 0.105756 0.996547 1416 2034
0.027619 -0.023820 0.151140 0.983823 1416 2529
-0.228127 0.081923 0.087275 0.975892 1425 1698
0.067364 -0.052538 0.059097 0.995671 1430 2309
-0.265175 0.081320 0.196701 0.994607 1431 1882
0.185634 0.060965 0.310786 0.992398 1438 1925
-0.144319 0.248702 0.148563 0.978115 1442 1726
0.051007 -0.112616 0.159995 0.918490 1443 2430
-0.092812 0.035061 0.226448 0.960317 1444 2331
-0.308653 0.184952 0.194155 0.987602 1445 1988
0.180755 -0.313358 0.122685 0.974580 1455 1540
-0.035106 -0.063434 0.137004 0.915479 1458 1645
0.175721 0.011497 0.079596 0.986341 1459 1837
-0.078766 0.050283 0.148572 0.942428 1470 2457
0.052493 -0.007953 0.165948 0.996168 1472 2589
0.190175 -0.136201 0.091719 0.974504 1477 2361
0.018718 0.127091 0.243338 0.993044 1488 2157
-0.055935 0.069136 0.111602 0.988009 1491 1987
-0.083134 0.014077 0.090571 0.990879 1500 1876
0.055160 -0.185572 0.018045 0.997884 1508 1843
-0.000096 -0.012209 0.339173 0.962344 1510 2139
0.044925 -0.095837 0.041996 0.978326 1515 1971
-0.119939 0.059724 0.111002 0.938724 1525 2778
-0.103517 0.030631 0.135238 0.971090 1527 2274
0.051943 -0.154698 0.197370 0.998869 1533 2200
-0.020256 -0.009629 0.027597 0.369079 1549 2754
0.114010 -0.100841 0.046095 0.802929 1550 2214
-0.115017 -0.016062 0.024555 0.993651 1550 2536
0.019057 -0.037233 0.131616 0.990306 1552 2491
0.038918 -0.087021 0.113847 0.969261 1558 3207
0.060971 0.243954 0.115741 0.625742 1561 1884
-0.028024 -0.035362 0.128816 0.966579 1561 2945
0.100570 -0.025162 0.079615 0.742935 1562 2312
-0.087983 -0.085969 0.100612 0.988835 1572 2770
0.150686 0.022450 0.101458 0.959122 1575 2560
-0.016071 0.149164 0.114761 0.886732 1585 2100
0.175482 0.289396 0.033134 0.997022 1586 1728
-0.133702 0.073005 0.023096 0.996239 1591 1734
-0.172558 0.133476 0.019593 0.906620 1595 1908
0.002267 -0.142783 0.191435 0.842980 1596 2123
-0.199827 0.160851 0.127567 0.769278 1605 1839
-0.053276 0.392142 0.207417 0.947889 1616 1798
-0.047659 -0.058823 0.086444 0.752850 1617 2268
0.028260 -0.131205 0.054968 0.995499 1618 2092
0.122514 -0.064816 0.106381 0.972577 1626 2697
-0.116199 -0.006425 0.196919 0.975674 1631 2384
-0.150154 0.077723 0.200286 0.976868 1640 2172
0.066159 0.167146 0.050236 0.870820 1643 2752
-0.051549 -0.072781 0.114490 0.978542 1645 3258
-0.312459 -0.051972 0.256246 0.988908 1658 2309
0.149331 0.259660 -0.004249 0.846028 1661 1704
0.080642 0.020970 0.181756 0.985666 1665 2462
-0.043573 0.037511 0.064194 0.988492 1666 3132
0.089888 -0.106661 0.092914 0.993647 1669 2228
0.030317 -0.040465 0.176307 0.931767 1671 2730
0.249222 -0.534216 0.049219 0.900709 1675 1722
-0.100249 0.107132 0.168783 0.944042 1676 2373
-0.012271 -0.172428 0.239308 0.990794 1680 2278
-0.033884 0.225233 0.118296 0.994820 1684 1770
0.119167 0.096213 0.023413 0.878098 1691 2615
0.089051 -0.070133 0.109623 0.971987 1691 3437
0.057766 0.170701 0.170386 0.927891 1697 2442
-0.061140 -0.044949 0.093096 0.930476 1701 3393
-0.078344 0.063515 0.083556 0.964941 1715 2725
-0.021699 0.067531 0.157457 0.993953 1718 2775
-0.033605 -0.110692 0.116247 0.879884 1721 2235
-0.025832 -0.120133 0.166398 0.943011 1729 2433
-0.123772 -0.092196 0.201494 0.937896 1731 2284
0.039673 -0.123707 0.175771 0.990193 1732 2386
0.029449 0.064366 0.264418 0.975541 1735 2484
0.034551 -0.087391 0.102855 0.967284 1739 2705
-0.070733 0.007581 0.059634 0.974924 1760 3092
0.012614 -0.029699 0.084680 0.972228 1760 3675
-0.124009 -0.016370 0.183030 0.977285 1764 2375
0.059073 -0.147393 0.199955 0.946938 1766 1982
-0.003591 0.171188 0.000718 0.950565 1767 1932
-0.070527 0.049528 0.176570 0.907346 1769 2515
0.158427 0.267342 0.136225 0.995935 1770 2106
-0.048615 0.105802 0.105658 0.801094 1777 2253
-0.008308 0.127216 0.177561 0.937776 1790 2348
-0.448000 0.059585 -0.134839 0.912901 1791 2304
0.124553 -0.031807 0.164850 0.990274 1801 2149
-0.048411 0.078892 0.088873 0.977631 1806 2730
-0.192621 0.049415 0.240081 0.954526 1810 2157
0.091034 0.299312 0.122337 0.778976 1811 1982
0.176043 -0.114649 -0.011226 0.992750 1840 2045
-0.076529 0.002138 0.032651 0.942521 1847 2401
-0.131716 -0.015775 0.086818 0.965572 1852 2268
-0.036108 -0.071407 -0.004889 0.595942 1859 2374
-0.078242 0.156793 0.062220 0.985689 1860 2154
0.083338 -0.093053 0.069597 0.982610 1868 2522
-0.103158 0.158035 0.131435 0.998044 1873 2289
-0.100803 -0.056786 -0.063053 0.804885 1876 2125
-0.016332 0.139449 0.040546 0.984888 1876 3033
-0.164158 0.014666 0.074644 0.994920 1876 3840
-0.051414 0.091150 0.294581 0.931047 1888 2414
-0.196629 -0.077486 0.106433 0.860329 1897 2376
0.013255 -0.111820 0.082647 0.993966 1898 2960
0.028958 -0.523886 0.181520 0.971220 1902 1990
0.034117 -0.159054 0.115864 0.972463 1911 2675
0.099961 0.069634 0.175058 0.996675 1916 2679
-0.016404 0.044078 0.089846 0.967357 1933 3479
-0.139030 0.085722 0.052336 0.977807 1937 2199
-0.135728 0.005675 0.193401 0.999695 1944 2436
0.111884 -0.125166 0.104078 0.959038 1955 2626
-0.080538 -0.122837 -0.125074 0.971939 1956 2005
-0.051973 0.035858 0.091778 0.973716 1956 4387
0.102553 0.068745 0.514274 0.952937 1958 2302
0.004483 -0.140256 0.190936 0.878870 1961 2585
-0.203281 0.044794 0.104017 0.862247 1962 2217
-0.346319 -0.089972 0.307395 0.973754 1966 2405
0.085072 -0.017498 0.063322 0.940004 1971 3670
-0.290225 0.092120 0.172155 0.997475 1977 2602
0.017542 -0.136478 0.069637 0.985684 1978 2157
0.125572 -0.072854 0.057157 0.970013 1982 2331
-0.048528 -0.102823 0.117823 0.989620 1984 2867
0.080841 0.338725 0.095820 0.998822 1989 2108
0.063023 0.203055 0.214826 0.979011 1996 2618
0.282038 0.035221 0.228907 0.895513 2009 2357
0.180962 -0.257790 0.045609 0.825292 2015 2314
-0.235568 -0.079858 0.086821 0.862052 2015 2463
0.068484 -0.052403 -0.002463 0.723145 2018 2268
0.218579 -0.209990 0.455526 0.993650 2027 2274
-0.160705 -0.152126 0.208928 0.818382 2033 2615
-0.218356 -0.178926 0.104963 0.936423 2034 2252
-0.151913 0.198535 -0.006008 0.920929 2043 2580
-0.053586 -0.004506 0.235326 0.986000 2051 2766
-0.287340 -0.236719 0.244898 0.970257 2058 2425
0.086804 -0.270501 0.045828 0.993038 2062 2198
0.271361 0.113744 0.091531 0.755938 2063 2163
-0.146254 0.237173 0.351269 0.978443 2069 2437
0.077605 0.001619 0.338218 0.885658 2071 2670
-0.025202 0.032792 0.105814 0.949911 2074 3388
0.110537 -0.069687 0.032323 0.978577 2075 2442
-0.133869 0.126640 0.244118 0.988492 2077 2578
-0.109127 0.040804 0.134305 0.823706 2080 2581
-0.016336 -0.011231 0.151316 0.953226 2084 3758
0.232601 -0.110868 0.081938 0.998065 2094 2269
-0.031726 0.041959 0.200590 0.824003 2107 2658
0.033438 0.022578 0.201713 0.953437 2116 2931
0.018198 -0.159910 0.032928 0.912332 2122 2835
-0.148924 -0.179167 0.190685 0.988618 2126 2489
-0.029153 -0.075289 0.040347 0.848985 2129 2897
0.042185 0.504072 0.370954 0.920365 2140 2220
0.058030 -0.034561 0.173033 0.959386 2142 3044
-0.042365 0.031012 -0.002339 0.469188 2149 2726
-0.036772 0.087805 0.060470 0.925180 2149 3368
0.073516 -0.022525 0.127684 0.969049 2149 3419
0.018451 0.137330 0.177678 0.985967 2155 2735
-0.086854 0.061650 -0.005609 0.952995 2157 2650
-0.001129 0.173360 0.043068 0.974556 2157 3008
0.006432 0.003335 0.188300 0.965333 2157 4265
-0.007239 0.113744 0.171121 0.974992 2161 2961
0.000607 0.057981 0.202683 0.985538 2169 3023
0.055820 -0.096896 0.177266 0.815391 2170 2666
-0.095705 -0.092430 -0.052993 0.837222 2172 2340
-0.057462 -0.071916 0.167323 0.907340 2177 2750
0.140168 0.011079 0.184476 0.994582 2181 2982
0.319963 0.094173 0.107600 0.836032 2183 2307
-0.170744 0.219692 0.147543 0.951766 2183 2585
0.047281 -0.184374 0.216706 0.985775 2202 2741
-0.073622 0.243714 0.131452 0.965146 2206 2291
0.032669 -0.147003 0.083325 0.955875 2206 2888
0.108983 0.011634 0.362194 0.596524 2208 2392
0.066485 -0.091905 0.136159 0.925381 2212 3076
-0.122907 0.076887 0.126980 0.909264 2213 3034
0.045269 -0.174276 0.082244 0.982798 2214 2897
-0.299915 0.173696 0.045018 0.913705 2221 2404
-0.054447 -0.087022 0.292882 0.943125 2230 2598
-0.138658 -0.043665 0.273721 0.934939 2237 2735
-0.017670 -0.145840 -0.140126 0.991718 2245 2284
0.067752 -0.140990 -0.008329 0.991102 2245 2784
-0.060848 0.140217 0.135424 0.969109 2263 2360
-0.020330 0.124993 0.087713 0.993484 2267 2948
0.066568 -0.082757 -0.011282 0.980473 2268 3002
0.028406 -0.110096 0.066804 0.828367 2268 3898
-0.029056 0.043439 0.070252 0.940468 2268 4648
0.002032 -0.099319 0.133402 0.999139 2271 3281
-0.216867 0.217855 0.129831 0.996296 2276 2324
0.085193 -0.091078 0.173570 0.968969 2284 2784
-0.072605 -0.088403 0.200026 0.988980 2327 3375
-0.356474 -0.101000 0.190585 0.999038 2328 2475
0.015899 -0.031673 0.066139 0.897539 2331 3426
-0.061579 0.039755 0.223990 0.964133 2339 2933
0.048932 -0.084316 0.075103 0.847026 2341 2750
0.060820 0.037706 0.090312 0.963836 2341 3388
-0.081510 -0.001503 0.056500 0.804076 2345 2897
-0.096039 0.019609 0.048294 0.917770 2346 3454
-0.112737 -0.183178 0.146048 0.924546 2348 2715
-0.043394 -0.121429 0.192083 0.966804 2363 3046
0.000051 0.027853 0.083460 0.719450 2374 3422
0.005844 -0.061105 0.103347 0.960569 2374 4007
0.042907 0.087135 0.145700 0.580677 2375 2603
0.040887 -0.062717 0.074118 0.814173 2375 2921
0.012954 0.054555 0.167230 0.951012 2378 3239
-0.033705 -0.137564 0.154726 0.991917 2390 3695
-0.129754 -0.060975 0.038705 0.794735 2394 2750
-0.013557 0.009672 0.134117 0.880410 2394 4384
-0.257311 -0.036359 0.338548 0.944244 2398 2804
-0.004030 -0.301001 0.037767 0.777950 2399 2541
0.140084 -0.091645 0.215326 0.921434 2407 2907
0.006177 -0.096840 0.024152 0.990315 2409 2686
0.029090 -0.095206 0.082340 0.981212 2410 3315
-0.057132 0.026998 0.216521 0.926933 2411 3134
0.154432 -0.308035 0.086350 0.935337 2431 2515
0.169657 0.041251 0.060697 0.979964 2433 2874
0.027718 -0.000978 0.076182 0.814805 2453 5018
-0.018122 -0.066583 0.191891 0.984210 2471 4076
0.150161 -0.004547 0.065861 0.984052 2473 2474
-0.034608 -0.054864 0.078272 0.963765 2473 3679
-0.013500 -0.154313 0.065386 0.871592 2490 2491
-0.237837 -0.140761 0.278875 0.988453 2490 2981
0.131826 0.057651 -0.065861 0.757461 2491 2539
-0.066316 0.318031 -0.080153 0.983207 2491 2981
0.092805 -0.211215 -0.003974 0.988198 2491 3208
0.175808 -0.150466 0.021778 0.959430 2491 3654
0.065525 0.223102 0.073817 0.976820 2491 4941
0.036675 0.055899 0.066820 0.941104 2491 5056
0.097904 -0.134498 0.208348 0.982747 2495 2846
-0.080105 0.019761 0.186903 0.977082 2498 3714
0.068140 0.032951 0.134782 0.946330 2504 3471
-0.071185 0.255392 0.167008 0.985567 2513 3286
-0.114770 -0.017342 0.138254 0.980706 2514 3867
-0.084489 -0.056037 0.127716 0.985104 2520 3064
0.031952 -0.033957 0.119890 0.996706 2522 4019
-0.059317 -0.088451 0.165012 0.883786 2534 2799
0.320277 -0.018040 0.287644 0.990542 2545 2900
0.045668 0.019658 0.150948 0.969713 2552 3518
-0.478618 0.222100 0.254417 0.797925 2559 2599
-0.060498 -0.100510 0.082598 0.953307 2564 2604
-0.120935 -0.097542 0.119161 0.978192 2584 2896
-0.000495 0.157038 0.296164 0.884608 2585 2844
-0.082673 -0.104250 0.035990 0.911678 2598 3900
0.036872 -0.322358 0.054357 0.959965 2600 2697
-0.025571 -0.195067 0.028060 0.970174 2602 2651
-0.089585 0.007952 0.112763 0.827693 2604 3957
-0.185096 0.215868 0.083808 0.909612 2613 2784
-0.116881 0.000737 -0.017170 0.967173 2632 2681
-0.023812 -0.019005 0.235215 0.941340 2632 3889
-0.128358 -0.067130 0.153383 0.980571 2634 3357
0.024824 0.167093 0.075359 0.991403 2641 2995
-0.038327 0.077618 0.097991 0.934256 2663 3638
0.002667 -0.008548 0.152709 0.999386 2685 3948
-0.088571 -0.119674 0.079150 0.994925 2687 3084
0.017988 0.022639 0.118121 0.951049 2687 4203
0.017721 -0.049448 0.052824 0.748399 2697 4315
-0.106647 -0.021710 0.219926 0.970013 2698 3679
0.109084 -0.102994 0.118066 0.885729 2703 3600
0.054639 -0.119607 0.187844 0.909994 2708 3030
-0.051846 -0.113277 0.057033 0.997616 2711 3556
-0.030000 -0.133617 0.133526 0.996030 2721 3320
-0.137279 0.199122 0.198397 0.989942 2724 3467
-0.044573 -0.000318 0.082142 0.984611 2725 4602
-0.081687 -0.041680 0.120184 0.990501 2729 3094
-0.113710 0.107604 0.322760 0.951985 2734 3679
0.173335 -0.056319 0.041172 0.856856 2750 3115
-0.048897 -0.012764 0.119457 0.987838 2750 4231
-0.110516 0.096114 0.020752 0.948217 2754 2977
-0.041317 -0.007565 0.116445 0.955391 2754 4239
-0.013628 0.156124 0.214802 0.952479 2781 3238
-0.015192 0.079801 0.265700 0.829459 2785 3153
-0.005108 -0.083002 0.087589 0.993643 2788 3341
-0.069151 0.121882 0.045928 0.968953 2791 3600
0.114009 -0.124099 0.135496 0.919300 2794 3388
-0.083534 -0.122132 0.128230 0.989867 2795 3498
-0.037332 -0.042199 0.049063 0.488589 2799 3388
-0.051115 0.106170 0.159042 0.991608 2806 3570
-0.020431 -0.008006 0.181980 0.958177 2807 3661
-0.039797 -0.030964 0.187041 0.932856 2813 5722
-0.129045 0.015784 0.112505 0.896142 2818 3466
-0.033338 0.108246 0.069484 0.996729 2825 3534
-0.271839 -0.029430 0.174661 0.996815 2837 3160
0.106606 -0.041520 0.202490 0.708159 2842 3608
0.041769 -0.019157 0.238216 0.997818 2846 3849
0.067261 -0.312706 0.117076 0.992223 2852 3085
-0.068107 0.125324 0.049953 0.989984 2853 3315
0.058348 0.079610 0.114566 0.969575 2856 3418
-0.137446 -0.026315 -0.018165 0.998685 2856 3670
-0.163983 0.122777 0.071871 0.988170 2864 3724
0.025697 0.204225 0.101793 0.974822 2867 3423
-0.080354 -0.014073 0.167720 0.964355 2868 3726
-0.012446 -0.013593 0.117527 0.911012 2885 3972
-0.098504 -0.148658 0.155611 0.968335 2896 3653
0.124055 0.156736 0.073906 0.977519 2897 3355
0.073212 -0.057147 0.068941 0.948719 2897 4192
-0.090589 0.037479 0.105591 0.950528 2897 4631
-0.192967 -0.044384 0.099427 0.871506 2904 3270
-0.046087 -0.184951 0.162267 0.993071 2904 3572
0.241519 -0.146125 0.101528 0.958211 2911 3176
-0.040549 0.312435 -0.054270 0.832342 2913 3052
-0.141890 0.145435 0.289323 0.963238 2917 3476
-0.055798 -0.236509 0.259420 0.841005 2918 3006
-0.029005 0.016162 0.103737 0.965716 2921 4615
0.083050 -0.110005 0.108552 0.984721 2933 3971
0.123160 -0.196604 0.178460 0.976959 2947 3365
-0.151251 0.093141 0.239188 0.947080 2956 3474
0.061871 -0.198186 0.023824 0.988485 2965 3430
0.045377 0.103953 0.257359 0.957032 2972 3737
0.047079 -0.082799 0.070743 0.990470 2977 4239
0.166038 -0.110272 0.301347 0.980808 2977 4288
0.167205 -0.159471 0.167915 0.922329 2982 3454
-0.053353 0.012218 0.069567 0.777678 2991 3569
0.031419 0.100480 0.163347 0.970851 2993 3947
0.016048 0.173554 0.051059 0.986929 2996 3463
0.024668 0.014156 0.328980 0.947407 2999 3669
-0.025043 -0.030702 0.096922 0.995117 3002 4698
-0.065652 0.024169 0.071068 0.989408 3003 3897
0.078641 0.017071 0.244959 0.956142 3031 3841
0.004128 0.109042 0.171474 0.959474 3033 4627
0.254774 -0.070264 0.015451 0.985073 3037 3038
0.039729 -0.080514 0.094477 0.991038 3042 4151
0.028384 -0.299926 0.072916 0.944925 3047 3315
-0.305637 0.229768 0.018844 0.937808 3051 3670
-0.065430 0.103667 0.038555 0.804565 3055 3900
-0.056949 0.155490 0.057071 0.916993 3064 3290
0.200953 -0.319129 0.160507 0.744296 3069 3248
-0.059962 -0.179170 0.411763 0.874015 3069 3436
-0.175902 -0.171727 0.538088 0.951952 3074 3386
0.058379 -0.174765 0.071587 0.998919 3079 3211
-0.115322 0.494642 0.113796 0.925612 3084 3364
-0.043567 0.110397 0.031633 0.994802 3111 3491
0.074540 0.056793 0.163716 0.924520 3115 3882
-0.038898 0.061691 0.157886 0.987580 3116 4235
0.000320 -0.220586 0.059134 0.985438 3117 3350
0.145561 -0.238125 0.208457 0.974388 3120 3453
-0.166685 -0.042908 0.033711 0.889861 3121 3262
-0.171092 0.038276 0.087829 0.992894 3123 3709
0.057818 0.029983 0.203834 0.967512 3128 3892
0.197574 -0.063441 0.067658 0.928993 3135 3772
-0.049479 0.073404 0.155148 0.783540 3158 3799
-0.031417 -0.003771 0.180650 0.987950 3161 3645
-0.116738 0.141040 0.225990 0.966631 3171 3668
0.023404 -0.085132 0.063695 0.786159 3172 3174
0.148210 -0.145309 0.050041 0.984524 3174 4601
-0.218059 -0.095614 0.178467 0.856691 3174 5523
-0.087061 -0.145210 0.066376 0.879553 3174 5524
0.061229 -0.053096 0.066231 0.964645 3174 5723
0.009246 -0.137172 0.157178 0.977958 3180 4008
0.002515 0.077103 0.266721 0.927747 3187 3826
0.103832 -0.000850 0.069360 0.947830 3197 3383
0.012513 0.054536 0.136799 0.956985 3197 4021
0.128442 -0.153835 0.165185 0.991569 3213 3809
0.068012 -0.042796 0.047852 0.864897 3236 3679
-0.075514 -0.011258 0.176322 0.991527 3245 4123
-0.247282 -0.506357 0.247640 0.993498 3247 3296
-0.274775 0.120715 0.309293 0.773949 3248 3436
0.005356 -0.114255 0.021970 0.984709 3253 3446
-0.258318 0.028445 0.173163 0.920719 3273 4064
0.025461 -0.086571 0.136039 0.923936 3274 4307
-0.020575 0.109583 0.029687 0.983101 3279 3579
0.005804 0.064880 0.182371 0.966453 3279 4311
0.086502 -0.130855 0.215025 0.933910 3280 3956
-0.161345 0.017316 0.054956 0.948425 3281 3624
0.062916 -0.357989 -0.005423 0.996722 3283 3328
0.099009 -0.039333 0.130220 0.969875 3290 4986
0.048443 0.140626 0.065803 0.822811 3301 3933
-0.115101 -0.107441 0.054346 0.981000 3302 3388
-0.072956 0.139141 0.184383 0.985887 3309 3988
0.093853 -0.066263 0.150539 0.993401 3311 3947
-0.042144 0.037264 0.190878 0.972324 3311 4101
-0.156017 0.053931 0.128469 0.969303 3312 3760
0.145953 -0.178205 0.179334 0.980565 3315 4103
-0.008963 0.046616 0.062412 0.948731 3315 4798
0.107744 -0.100362 0.014152 0.984181 3316 3319
-0.033086 0.006502 0.095947 0.909810 3316 4966
-0.121124 0.067483 0.121135 0.979772 3331 4078
0.019174 -0.098829 0.087444 0.979276 3349 4232
-0.333326 -0.182849 0.121475 0.991398 3351 3751
0.183980 -0.042013 0.052534 0.751483 3355 3456
-0.088377 -0.012661 0.216807 0.967196 3359 4061
0.116466 -0.177396 0.026520 0.986217 3363 3715
-0.167781 0.107381 0.085037 0.952066 3365 3857
0.080000 -0.112967 0.127288 0.998265 3370 3902
0.080519 -0.114453 0.016199 0.974645 3388 3648
-0.095878 0.065121 0.035852 0.900851 3388 4283
0.048718 -0.142614 0.202437 0.957490 3390 3981
-0.168001 -0.111875 0.252077 0.950836 3402 3890
-0.097504 -0.221640 0.183769 0.960238 3410 3895
0.150396 -0.079161 0.170135 0.929606 3414 3996
-0.004466 -0.017903 0.079373 0.625547 3418 5025
-0.010187 -0.082358 0.112183 0.927975 3421 4563
-0.049992 -0.038848 0.209374 0.941284 3422 4213
-0.018614 -0.227723 -0.219124 0.790914 3426 3480
-0.079069 0.103835 -0.039226 0.985082 3426 3683
0.052527 -0.194422 -0.042943 0.797528 3426 4081
0.099202 0.119455 0.206472 0.909191 3426 5638
0.003972 -0.121896 0.401279 0.979496 3426 5872
-0.121896 0.090031 0.407430 0.836738 3435 3790
0.040881 0.111777 0.143932 0.993405 3438 4278
-0.125831 0.064836 0.057997 0.978575 3439 3795
0.151797 0.057185 0.162340 0.942433 3440 4461
-0.007895 -0.192882 0.077407 0.909233 3444 3925
-0.091492 0.303941 0.119471 0.826569 3451 4096
0.158495 -0.147951 0.180825 0.996827 3454 3561
-0.111173 -0.079394 0.022187 0.922874 3454 4049
0.377982 -0.190158 0.058361 0.924445 3465 3466
0.070714 -0.105850 0.031636 0.995186 3470 3819
0.198447 0.022538 -0.032513 0.922651 3471 4076
-0.124284 0.058218 0.057957 0.958942 3471 4557
0.030421 0.026778 0.062478 0.840156 3471 6385
0.142606 0.088524 0.233564 0.951948 3476 4313
-0.052551 -0.108026 0.308677 0.981345 3477 4166
-0.011876 0.258133 0.208705 0.978189 3486 4082
0.016944 0.165144 0.196861 0.996783 3489 4131
-0.062507 -0.100203 0.121283 0.982290 3499 4341
0.090137 -0.132653 0.102301 0.998210 3512 4153
0.184009 -0.048803 0.107661 0.796551 3519 4449
-0.069878 -0.097281 -0.048206 0.835739 3522 3900
-0.049340 0.099035 0.122841 0.938072 3524 4163
0.001697 0.097290 0.209869 0.995990 3543 4332
-0.117901 -0.063188 0.072055 0.994749 3551 4831
-0.081542 0.109940 0.107948 0.984029 3558 4189
-0.018295 -0.108777 0.068306 0.961988 3561 5193
-0.039603 -0.118483 0.113873 0.984308 3568 4195
0.074043 -0.030120 0.003019 0.883462 3569 3612
0.112226 -0.206260 0.111728 0.933511 3569 4792
-0.130714 0.024408 0.094267 0.985767 3576 4446
-0.071718 -0.170739 0.131900 0.973463 3586 4170
0.199038 -0.155223 0.068179 0.986767 3595 4018
0.022508 -0.027488 0.062195 0.914545 3600 5324
-0.201085 -0.142180 0.038807 0.938157 3608 4245
-0.101336 -0.056869 0.163139 0.802920 3621 4559
-0.063595 -0.081159 0.180809 0.978462 3640 4420
0.034140 -0.186378 0.151189 0.980786 3653 4243
-0.149331 0.084460 0.065101 0.926892 3661 4098
0.023428 -0.110297 0.021150 0.996451 3664 4151
0.045115 -0.064567 0.070239 0.999058 3665 4898
0.183257 -0.151301 0.266906 0.939772 3669 3817
0.011347 -0.154870 0.024633 0.706863 3670 4356
0.190492 0.067425 0.122697 0.997978 3682 4269
-0.105330 0.016750 0.238788 0.994967 3685 5086
-0.158237 -0.046366 0.533166 0.988637 3687 4013
-0.054675 -0.183036 0.162677 0.987657 3690 4083
0.089493 -0.065797 0.149168 0.978229 3695 4995
0.196770 -0.117664 0.150344 0.906101 3701 3926
0.091711 -0.047964 0.363175 0.972891 3706 4588
0.191555 0.034931 0.335912 0.997074 3716 4305
0.003453 -0.088729 0.126268 0.900349 3719 4650
0.041192 0.234698 -0.101061 0.931066 3730 3959
-0.027178 -0.149461 0.074246 0.993486 3737 4375
-0.057897 0.151197 0.002744 0.911987 3739 3924
-0.122816 -0.002952 0.152094 0.999075 3739 4519
-0.026488 -0.181684 0.042544 0.948891 3746 4039
-0.126887 -0.113747 0.084077 0.949962 3747 4093
0.191452 -0.102815 0.130034 0.839902 3753 4097
-0.108446 -0.086326 0.098730 0.994735 3755 4634
0.133549 -0.118802 0.064482 0.961660 3761 4399
0.037607 -0.077005 0.145401 0.976813 3767 5344
-0.062189 0.078786 0.265943 0.942964 3769 4550
-0.026037 -0.023426 0.193539 0.957483 3772 4603
-0.028399 -0.048155 0.142498 0.986081 3774 5159
-0.035847 0.034714 0.180273 0.978999 3783 4760
0.032083 -0.112214 -0.038268 0.912202 3787 4015
0.162083 -0.123755 0.046213 0.997076 3787 5544
-0.022102 -0.056219 0.105709 0.923894 3787 6613
-0.009416 -0.100564 0.098323 0.963119 3795 4515
-0.084416 0.038086 0.135526 0.883761 3796 4822
-0.055826 0.119170 0.069052 0.981841 3806 4470
-0.099219 -0.049931 0.030704 0.956950 3806 4681
-0.084323 -0.051608 0.179441 0.997688 3813 4955
0.162758 -0.134529 -0.000150 0.994322 3816 3893
-0.137441 -0.000245 0.116375 0.825150 3823 4313
0.066915 -0.029373 0.096872 0.943655 3842 4683
-0.007360 -0.134209 0.158920 0.861983 3845 4434
0.082225 -0.239981 0.089956 0.996877 3867 4367
-0.016170 0.135039 0.137768 0.937883 3876 4280
0.093341 0.260296 0.224438 0.849550 3877 4377
0.152240 -0.076933 0.178684 0.965845 3877 4624
0.011153 0.034955 0.121706 0.988830 3883 5649
0.082896 -0.094283 0.103076 0.870674 3900 5160
-0.191134 0.110557 0.229986 0.971482 3900 5489
-0.069355 -0.067490 0.147454 0.923666 3903 4260
0.092951 0.116623 0.386237 0.966523 3904 4312
-0.096767 0.128048 0.249380 0.988134 3922 4823
-0.025396 0.072493 0.166310 0.956456 3927 4185
0.064768 -0.087486 0.016010 0.958258 3933 4629
-0.045996 -0.112443 0.156992 0.961500 3951 4696
-0.028695 0.056426 0.155863 0.966115 3953 4968
0.021227 0.033496 0.105492 0.786009 3956 5079
-0.080487 0.056328 0.297534 0.920525 3960 4619
-0.004658 -0.060309 0.101741 0.990350 3961 6531
-0.039430 0.300959 0.053430 0.772955 3962 4086
0.056842 0.152284 0.300728 0.912276 3962 4573
-0.098790 0.086203 0.084840 0.991116 3968 4772
0.026509 -0.040213 0.152011 0.984079 3972 5555
-0.162270 -0.135505 0.101298 0.926264 3974 4285
-0.044092 -0.026484 0.137279 0.929167 3977 5004
-0.002147 -0.153096 0.188509 0.959707 3987 4847
-0.070466 -0.116395 0.213629 0.567448 3988 4059
-0.193427 -0.326881 -0.134496 0.970635 3992 4065
-0.107066 -0.101397 0.189837 0.973965 3996 4554
-0.049802 0.007198 0.154395 0.993943 3997 5157
-0.130663 -0.134691 0.328532 0.847949 3998 4648
0.018292 0.028923 0.121808 0.985606 4012 4617
0.013325 -0.058368 0.146490 0.999442 4018 5173
0.102349 -0.146336 -0.000382 0.975762 4028 4030
0.089613 -0.135135 0.011709 0.974900 4030 4135
0.075080 -0.087548 0.105869 0.884262 4036 4883
-0.118884 0.052361 0.033200 0.870057 4061 4099
-0.278630 -0.157120 0.139509 0.737828 4065 4066
0.068415 -0.096785 0.368994 0.908887 4065 4488
0.320800 0.048112 0.144618 0.878233 4066 4488
-0.226769 -0.195886 0.349303 0.876216 4066 4642
-0.099739 -0.025356 0.167992 0.972629 4067 4900
0.124037 0.053629 0.070232 0.937303 4067 4966
-0.103348 0.067483 0.441978 0.947048 4073 4609
-0.052135 0.053295 0.276092 0.913056 4074 4654
0.037850 -0.047139 0.222110 0.923254 4075 4859
-0.054530 0.110107 0.112391 0.976920 4075 4974
-0.192781 -0.135541 0.131251 0.992289 4084 4710
0.125043 -0.193920 0.005485 0.963175 4085 4123
0.032266 -0.032188 0.109725 0.550000 4086 4573
-0.117368 0.088720 0.156992 0.885036 4088 4815
-0.191793 0.174370 0.015931 0.957240 4090 4274
0.004768 0.179535 0.180727 0.956717 4092 4521
0.035167 -0.011497 0.185871 0.943490 4104 5298
-0.369166 -0.247387 0.137504 0.983606 4107 4489
-0.182256 0.114728 0.096531 0.989902 4107 4650
0.089024 -0.057147 0.098538 0.985557 4132 5176
-0.354977 -0.100940 0.145682 0.906625 4148 4481
0.165437 -0.090188 0.155172 0.998543 4149 4744
0.003442 0.018270 0.229830 0.997455 4171 5031
-0.043606 0.255182 0.077310 0.937758 4173 4367
0.005537 -0.203972 0.159601 0.754969 4177 4416
0.126185 -0.095372 0.110414 0.952526 4186 5232
0.050445 -0.055492 0.103039 0.854122 4203 5203
-0.201601 0.035988 0.401108 0.997976 4204 4547
0.154504 -0.161960 0.027252 0.959994 4210 4211
0.032208 -0.015762 0.242076 0.907685 4227 4998
0.066845 -0.139101 0.178776 0.915526 4233 4528
-0.068981 0.179471 0.287876 0.961707 4234 4883
0.167616 -0.335632 0.206558 0.852129 4246 4293
0.061742 -0.135325 0.087889 0.938294 4248 4793
0.158630 0.163242 -0.136379 0.812757 4263 4614
0.031547 -0.107748 0.050507 0.969764 4263 4759
0.036206 -0.168466 -0.013544 0.977879 4297 4298
-0.158156 -0.064735 0.115662 0.997719 4299 5018
-0.033438 0.167171 0.084619 0.929827 4307 4549
-0.017935 0.066539 0.071022 0.891629 4313 5451
0.073561 -0.069130 0.083241 0.965474 4313 5536
-0.088435 0.024100 0.121192 0.956568 4313 5631
0.047333 -0.106850 0.079017 0.926380 4316 5083
0.132495 -0.165217 0.069340 0.973115 4320 4453
-0.214450 0.054723 0.134535 0.956685 4321 4616
0.199671 -0.334256 0.017206 0.977109 4323 4507
-0.102882 0.047888 0.094874 0.987713 4334 5099
0.195583 0.409883 0.084203 0.999503 4335 4378
0.123428 -0.206012 0.040025 0.976337 4335 4520
-0.292217 0.129810 0.031424 0.859078 4345 4471
0.076946 -0.174839 0.036859 0.976043 4354 5024
-0.013409 -0.197212 0.211496 0.991167 4362 5130
0.013808 -0.112046 0.160618 0.978451 4397 5292
-0.066588 -0.081610 0.132609 0.980414 4400 5201
0.026608 -0.053845 0.116572 0.980420 4412 5875
0.097074 -0.125035 -0.009617 0.991780 4433 4635
0.017922 -0.125354 0.089598 0.955899 4446 5244
-0.065153 0.012740 0.129140 0.998534 4446 5624
-0.111631 0.088504 0.019863 0.985653 4449 4554
-0.055128 -0.123110 0.152450 0.956037 4452 5165
-0.042834 0.056217 0.221287 0.994590 4485 5665
-0.063841 -0.313593 -0.263380 0.951877 4487 4852
-0.005359 -0.155363 -0.097089 0.830439 4487 5246
-0.149944 0.139113 0.143045 0.986646 4509 5089
0.212475 0.031090 0.062321 0.965416 4527 4627
-0.030796 -0.011273 0.240096 0.989822 4544 5522
0.449272 0.356798 0.379526 0.943558 4546 4600
0.189994 -0.124483 0.015746 0.985761 4570 4763
0.008514 -0.040205 0.150122 0.946565 4573 4916
0.020325 -0.023776 0.180068 0.907955 4582 5847
-0.164766 -0.012672 0.087282 0.992685 4593 5112
0.025389 0.009281 0.286781 0.965288 4599 5521
0.090852 0.062054 0.449442 0.855423 4600 4967
0.205140 -0.116519 0.155171 0.970499 4620 4989
-0.137912 -0.035570 0.093568 0.994313 4629 5559
0.108332 -0.236846 0.272806 0.998208 4631 5055
-0.156544 -0.025173 0.202450 0.948964 4631 5145
-0.077236 0.059433 0.185273 0.927219 4633 5284
0.035460 -0.294263 0.077319 0.975338 4641 4954
0.054227 -0.075125 0.206299 0.941028 4650 5346
-0.312077 -0.029392 -0.031268 0.858810 4651 5025
0.074010 0.080191 0.133043 0.970246 4656 5536
-0.103207 0.126245 0.066949 0.956370 4657 5163
-0.011030 0.093321 0.321567 0.950068 4673 5271
0.062850 -0.292765 0.062546 0.990551 4678 4929
0.223755 0.017884 0.019646 0.716205 4682 4782
0.238802 -0.050000 0.072293 0.897216 4683 4785
-0.050112 0.035133 0.064701 0.964602 4698 6138
0.042053 -0.010301 0.059547 0.968735 4698 6790
0.046489 -0.141871 0.093610 0.982593 4701 5252
0.006535 0.041739 0.257186 0.976562 4708 5218
0.017584 0.276603 0.089384 0.976696 4712 4818
-0.068533 0.022746 0.269406 0.992203 4713 5461
-0.124995 0.243875 0.078997 0.844058 4714 4872
-0.047144 0.082349 0.252609 0.981150 4723 5329
0.329588 0.059926 0.129579 0.873135 4727 4728
-0.112519 -0.241183 0.100098 0.848631 4735 5109
-0.010862 -0.320619 0.133793 0.989396 4736 5191
0.009359 -0.078446 0.055292 0.992965 4738 5430
-0.088159 0.173598 -0.036591 0.867849 4755 5027
0.062016 -0.203296 0.191211 0.996077 4764 5971
-0.073132 -0.042842 0.098030 0.978021 4767 5879
0.025564 -0.115419 0.164126 0.960800 4772 5602
-0.119220 0.190921 0.169549 0.979710 4776 5230
-0.112754 0.033410 0.131309 0.951335 4793 5239
0.071097 -0.038406 0.024473 0.972030 4798 6379
0.143262 -0.082756 0.152595 0.953809 4799 5296
-0.075237 -0.125860 0.123158 0.916696 4804 5392
0.049928 -0.094953 0.019540 0.980960 4821 5224
0.015625 -0.215158 0.019815 0.997595 4822 5177
-0.048957 -0.256648 0.124691 0.966662 4834 5281
0.265870 -0.085547 0.150991 0.830103 4842 4945
0.005907 0.111009 0.005618 0.988920 4844 5193
-0.065589 0.068895 0.154579 0.942653 4847 5766
-0.096027 0.068296 0.157446 0.960782 4849 5430
-0.461146 -0.008755 0.030088 0.884132 4854 5023
-0.050357 0.001755 0.099392 0.948693 4857 6790
0.322114 0.087849 0.217257 0.958430 4858 5081
0.006508 -0.201905 -0.014931 0.949389 4865 4866
0.063038 -0.111543 -0.005036 0.980199 4873 5047
0.074412 0.228086 0.145452 0.985470 4883 5373
-0.107807 0.013828 0.050405 0.921808 4888 4937
0.078599 -0.170949 -0.000125 0.990858 4890 5193
-0.065931 0.151250 0.069817 0.955894 4898 5343
-0.014738 0.001297 0.171010 0.989998 4904 6057
-0.042262 0.022873 0.205155 0.997049 4905 6387
0.038295 0.043438 0.135108 0.957995 4922 6069
-0.067231 -0.173568 0.138698 0.868187 4930 5557
-0.022328 0.022311 0.138820 0.789808 4937 6699
0.061236 -0.048737 0.125689 0.854590 4941 5056
0.163702 -0.259538 0.150111 0.949231 4942 5285
-0.077356 0.096097 0.107731 0.980812 4952 5706
-0.049750 -0.103809 0.126549 0.947277 4966 5950
-0.065184 -0.018061 0.117139 0.771408 4966 6186
0.044389 0.138017 0.200150 0.996636 4977 5867
0.139693 -0.260808 0.046886 0.984777 5003 5004
-0.091997 -0.028591 0.090168 0.944007 5014 5056
0.082472 0.198743 0.037693 0.555781 5028 5079
-0.002760 0.121942 0.172259 0.909390 5031 5681
0.105975 -0.114077 0.041919 0.847663 5043 5324
0.064941 -0.216974 0.045323 0.953394 5106 5107
0.004770 0.079493 0.136126 0.954446 5106 6175
0.009899 -0.147388 0.076235 0.993112 5111 5612
-0.008242 -0.005474 0.248362 0.932269 5114 5809
-0.026416 0.288808 0.153568 0.953312 5121 5246
-0.199575 -0.116339 0.155834 0.940199 5136 5269
0.106286 0.137523 0.278597 0.976710 5140 5553
0.039994 -0.095677 0.296475 0.808216 5143 5699
0.018590 -0.063926 0.134609 0.978041 5157 6382
0.224238 -0.246735 0.386892 0.799860 5166 5313
0.101690 -0.004179 0.098554 0.970842 5169 5737
-0.315184 -0.133311 0.111672 0.966682 5178 5223
0.180625 0.451043 0.275167 0.920369 5187 5277
-0.050338 -0.086014 0.187524 0.987936 5193 6514
0.076874 0.009814 0.210876 0.931690 5194 5898
-0.058672 -0.123850 0.064137 0.927498 5203 6234
-0.111868 0.086939 -0.097198 0.983502 5218 5315
-0.012222 0.125118 -0.049144 0.914823 5218 5497
-0.199649 0.230523 -0.116186 0.937267 5218 5832
0.069890 0.264324 0.029964 0.907259 5218 6301
-0.248780 0.136462 0.192133 0.963364 5226 5463
0.226870 -0.153351 0.205654 0.953779 5226 5466
0.008022 -0.127603 0.042114 0.910416 5227 6352
0.099038 -0.297887 0.198499 0.924057 5234 5478
-0.185459 -0.324399 0.149950 0.945634 5238 5515
0.025948 -0.278834 0.043563 0.982348 5244 5579
0.317953 -0.113326 -0.150250 0.865696 5245 5247
0.153512 -0.124510 0.068203 0.978244 5248 5390
-0.034467 0.073179 0.181963 0.912158 5260 5964
-0.025742 -0.044186 0.137159 0.980701 5263 6843
0.046444 -0.128133 0.046838 0.873519 5269 5839
-0.056986 0.054156 0.231451 0.944866 5275 6266
0.047058 -0.072210 0.018176 0.973271 5280 5800
-0.127116 0.016856 0.088147 0.844616 5284 5651
-0.134661 0.058506 0.088986 0.973482 5296 5948
-0.067269 -0.041983 0.072207 0.711806 5298 6379
0.117926 -0.024094 0.173223 0.994227 5305 6144
0.198105 0.014854 0.059875 0.896473 5310 5355
-0.219596 -0.231650 0.093832 0.997729 5311 5494
0.134636 -0.060082 0.141626 0.993238 5311 6197
-0.040650 -0.068182 0.104736 0.992414 5311 6523
-0.048351 -0.194716 0.042830 0.961843 5324 5695
-0.035248 0.076939 0.054252 0.922153 5324 6306
0.068351 -0.029523 0.101543 0.993725 5324 6767
-0.102139 -0.070595 0.169735 0.971145 5356 6392
-0.051079 0.076960 0.086889 0.983619 5359 5737
0.057549 -0.137103 0.128899 0.998194 5368 5982
0.013247 -0.005439 0.156523 0.724158 5374 6175
-0.094198 0.002769 0.176352 0.971500 5381 6229
-0.137584 0.008285 0.177473 0.969471 5392 6098
-0.023805 -0.117188 0.298985 0.953569 5393 6790
0.040927 0.128467 0.068558 0.993310 5402 5833
-0.066222 0.075044 0.231504 0.963690 5407 5973
-0.002770 -0.135380 0.167868 0.906921 5407 5974
0.029946 -0.223949 0.098284 0.967364 5409 5743
-0.113743 0.067104 0.261989 0.966382 5411 6071
0.152027 -0.007047 0.291291 0.984775 5430 6087
-0.313367 -0.115835 0.468171 0.961145 5436 5720
-0.023177 0.243990 0.387728 0.972639 5439 6052
0.180626 -0.283904 0.013259 0.949928 5458 5546
-0.128301 -0.246687 0.141395 0.974416 5478 6030
-0.054858 0.056051 0.191433 0.984456 5482 6470
-0.114702 -0.067851 0.063707 0.888501 5488 5669
0.012346 0.123321 0.449933 0.892865 5490 5627
-0.004963 0.077054 0.003872 0.974186 5499 5836
0.046835 -0.124086 -0.020112 0.910234 5501 5838
-0.077357 0.123675 0.203359 0.827063 5502 5976
-0.077723 -0.008305 0.148236 0.973119 5506 6693
0.051543 -0.083232 0.122216 0.999415 5513 5805
0.039797 -0.074263 0.068869 0.981834 5517 6584
-0.055334 0.009597 0.127798 0.997278 5563 6883
0.138213 -0.023350 -0.079888 0.924769 5568 5815
0.292255 0.002132 0.171797 0.880782 5568 6431
-0.008688 -0.146489 0.166866 0.973032 5569 6089
0.008498 -0.154843 0.118277 0.978511 5570 5997
0.076540 -0.072119 0.050683 0.968484 5592 6451
0.139995 0.037706 0.122719 0.983498 5606 6460
0.020083 -0.121547 0.151212 0.976940 5606 6543
0.088720 0.088169 0.234524 0.982518 5608 6462
-0.168073 0.263959 0.182384 0.800036 5616 5655
-0.109576 0.076483 0.110787 0.791387 5627 6480
-0.237563 -0.370369 0.134398 0.974138 5639 5922
-0.176790 0.132351 0.095160 0.937382 5662 5767
-0.037494 -0.078631 0.052603 0.915010 5667 6590
-0.083798 -0.022587 0.153943 0.950344 5668 6780
-0.143101 -0.003941 0.038285 0.975954 5669 6380
-0.036492 -0.076060 0.030781 0.752541 5669 7088
0.002566 0.150010 0.138867 0.987705 5671 6435
0.153965 0.052874 -0.119213 0.935814 5697 5698
0.103392 -0.174057 -0.132072 0.650553 5697 6310
0.102275 -0.171423 -0.105410 0.793825 5697 6741
-0.068448 -0.125518 0.131850 0.849388 5698 6310
-0.066821 -0.004356 0.258813 0.960885 5731 6393
0.085990 0.089390 0.108764 0.994363 5737 6800
-0.062304 0.092194 0.070313 0.986120 5737 6867
-0.121278 -0.094185 0.004229 0.848896 5737 6967
0.039894 -0.085583 0.081846 0.982167 5739 7009
0.089789 -0.057612 0.276252 0.998268 5741 6452
-0.108742 -0.101826 0.059058 0.877703 5752 6263
0.219152 -0.365306 0.072245 0.964801 5759 5849
-0.031049 0.038392 0.309197 0.925329 5759 6419
0.027616 -0.012530 0.240113 0.979379 5767 6585
-0.055219 -0.068320 0.096595 0.984197 5775 6676
-0.063410 -0.061156 0.067024 0.982956 5789 5836
-0.063584 0.064429 0.093192 0.904863 5789 6257
-0.201134 -0.055397 0.172540 0.957208 5817 6554
0.089460 0.199316 0.128458 0.997603 5825 6241
-0.031682 -0.099595 0.091514 0.988806 5825 6839
-0.080782 -0.080765 0.183170 0.962184 5827 6104
-0.214895 0.022998 -0.009819 0.936282 5829 5964
0.150301 -0.041312 0.147161 0.985825 5851 6363
0.042185 -0.147535 0.129357 0.974043 5869 6446
-0.093797 -0.207570 0.133868 0.987324 5876 6302
0.075286 -0.166054 0.064445 0.989470 5884 6211
0.171654 0.017684 0.342501 0.892444 5898 6370
-0.627632 0.136611 0.184102 0.939283 5910 6003
-0.192668 0.117384 0.150411 0.965507 5920 6199
-0.000658 0.156148 0.009189 0.956280 5953 6135
0.158595 0.014446 0.193310 0.894555 5961 6295
-0.254621 0.019198 0.048353 0.963126 5962 6146
0.034827 0.087666 0.052320 0.948673 5971 6844
0.005647 -0.092801 0.210287 0.962495 5971 7073
0.016975 0.049134 0.154156 0.992215 5986 7014
0.013295 -0.092645 0.111926 0.943104 6001 6781
-0.016581 0.160485 0.107343 0.989476 6027 6657
0.208454 -0.314404 0.161287 0.963658 6039 6426
0.017624 -0.038220 0.146693 0.986157 6063 7027
0.028227 0.139896 0.114258 0.939524 6079 6418
-0.047874 0.128070 0.088710 0.961294 6079 6544
0.126041 -0.042807 0.060961 0.992759 6085 6777
-0.141623 -0.218002 0.169842 0.980509 6088 6631
-0.080584 -0.040667 0.147118 0.867692 6109 6844
0.012780 -0.088405 0.168156 0.967910 6125 6934
-0.106641 -0.162979 0.151721 0.933331 6131 6587
-0.212388 0.058680 0.066028 0.995735 6132 6430
0.048141 -0.026951 0.137579 0.992848 6138 6945
-0.054610 -0.052983 0.183387 0.970692 6141 6899
0.051290 -0.090625 -0.018750 0.764953 6154 6566
0.230053 0.304233 -0.046606 0.936480 6157 6253
0.000338 -0.245045 0.078832 0.995217 6163 6205
-0.009896 -0.196360 -0.017270 0.947720 6173 6269
-0.068692 0.006796 0.067292 0.996851 6184 7110
0.112163 -0.139629 0.067678 0.995222 6189 6437
-0.010989 -0.115648 0.193933 0.926941 6200 6844
0.074539 0.171693 -0.080269 0.991199 6206 6354
0.014968 0.008198 0.219188 0.942018 6218 6914
-0.143310 0.051296 -0.001716 0.923044 6223 6277
-0.062686 0.338366 0.208604 0.971045 6223 6427
0.012140 -0.113460 -0.003253 0.958245 6229 6975
-0.081392 0.082755 0.019050 0.998005 6229 7062
0.059100 -0.102129 0.056620 0.994550 6230 6780
-0.028243 0.073188 0.034926 0.986778 6234 6942
-0.184461 0.033627 0.124823 0.964735 6234 6976
-0.003940 -0.137160 0.106188 0.968320 6234 7005
-0.059663 -0.037173 0.118537 0.994084 6234 7111
0.128558 -0.011569 0.179963 0.991342 6241 6902
0.268257 0.074652 0.104228 0.928201 6243 6392
0.205347 -0.250383 0.332268 0.948393 6245 6606
-0.074610 0.096381 0.105101 0.881483 6253 6799
-0.090526 -0.076149 0.230731 0.976446 6267 6852
0.095051 -0.091473 0.015997 0.864125 6268 6744
0.241271 0.073633 0.259788 0.839461 6275 6706
0.077903 -0.158035 0.089586 0.925425 6276 6707
0.107867 0.059584 0.185581 0.962523 6311 6878
-0.028230 -0.038997 0.145889 0.957783 6312 7058
-0.118485 -0.248291 0.043945 0.876572 6316 6887
0.077924 -0.125614 -0.007405 0.893259 6338 6647
-0.196860 -0.037434 0.063761 0.726076 6418 6544
-0.063330 0.166324 0.113099 0.955090 6437 6718
-0.099271 0.048767 0.053670 0.982591 6440 6946
-0.116256 -0.076563 0.102104 0.979309 6462 6881
-0.102930 -0.064723 0.125074 0.984701 6464 7068
0.170192 -0.210259 0.155548 0.976364 6493 6799
-0.063514 -0.147394 0.187083 0.871242 6509 6770
-0.101673 -0.145024 0.158346 0.957043 6540 6992
0.103737 -0.192249 0.092107 0.993464 6554 6916
0.028477 -0.110001 0.127462 0.943790 6560 7043
-0.094216 0.073461 -0.015313 0.926977 6590 6632
-0.053935 0.164362 0.108981 0.989067 6614 7045
0.023205 -0.131666 0.036825 0.964873 6622 6734
0.081145 -0.102846 0.176404 0.978504 6627 7016
-0.245837 -0.361380 -0.023481 0.903063 6642 6836
-0.116459 -0.009699 -0.018547 0.959142 6697 6876
0.050128 -0.143460 -0.063957 0.991251 6716 6756
-0.000603 0.134757 0.028250 0.967092 6723 7026
0.179914 -0.083681 0.063524 0.964386 6726 6794
-0.155133 0.126224 0.187925 0.969670 6737 6990
-0.189298 -0.227865 0.125723 0.995939 6749 6823
0.093043 -0.210173 0.037701 0.945685 6753 6919
-0.135459 0.064588 0.398821 0.976728 6759 7007
-0.196518 0.050996 0.143861 0.978078 6773 6997
-0.182733 -0.249366 0.133180 0.978014 6774 6957
-0.260480 -0.143735 0.134368 0.789067 6777 6974
-0.006421 -0.257784 0.128448 0.914387 6834 6944
0.009052 -0.177201 0.153203 0.949266 6849 7047
-0.036916 0.164813 0.167091 0.999938 6849 7094
0.143176 -0.154237 0.003868 0.856879 6862 6917
0.216740 0.006731 0.415946 0.985343 6869 7064
0.057954 -0.268022 0.128973 0.998181 6870 7010
0.055934 -0.182333 0.094460 0.919557 6881 7059
0.064492 -0.354069 0.176039 0.979800 6929 6987
-0.208888 0.125300 -0.017439 0.962438 6940 7054
0.054050 -0.094158 0.531762 0.838636 6943 7038
0.003937 -0.182036 0.121444 0.955848 6952 7091
-0.130641 -0.517365 -0.038341 0.901832 6969 6988
-0.484646 0.086499 -0.388010 0.958299 6977 7002
0.138806 -0.217227 0.231434 0.959115 7018 7052
0.159507 -0.189556 0.027751 0.982265 7024 7090
0.067835 -0.282394 -0.032661 0.984357 7053 7097
-0.187227 0.145402 0.212029 0.869101 7120 7126
