-0.153157 0.097114 0.128448 0.962431 2 150
-0.048879 0.107779 0.299033 0.944946 3 391
-0.122975 0.126501 0.063624 0.957306 16 232
-0.122407 -0.051616 0.136893 0.968138 25 586
0.199744 0.251619 -0.113342 0.833704 49 68
-0.029464 0.064765 0.133713 0.960219 49 1328
0.173576 0.058599 0.026869 0.666559 59 62
-0.130835 -0.126763 0.069443 0.787974 66 833
-0.048489 -0.072178 0.112716 0.948541 67 442
0.060762 -0.158286 0.254299 0.958446 70 451
-0.227737 -0.016875 0.102130 0.990168 72 138
-0.031987 0.054835 0.155610 0.976853 80 1124
-0.144120 0.000486 0.265240 0.990428 90 398
0.055555 -0.030024 0.069319 0.984665 103 313
0.012784 -0.110104 0.209278 0.867711 110 468
0.108904 -0.130460 -0.025253 0.918968 111 172
-0.104592 0.161011 0.061716 0.980753 133 328
0.033887 -0.068925 0.301663 0.975450 134 638
-0.090236 -0.146366 0.281505 0.970767 136 585
0.040594 0.125940 0.202184 0.907725 139 980
0.107705 0.170054 0.223541 0.999919 140 586
-0.199704 0.074067 0.320740 0.982354 141 543
-0.039450 -0.105430 0.098490 0.942887 142 176
-0.264271 0.032031 -0.040006 0.851950 144 545
-0.029987 0.055788 0.420958 0.912509 144 877
0.082364 0.439958 -0.132212 0.723628 146 147
0.106892 -0.063184 0.097354 0.978132 160 1813
-0.135197 -0.068584 0.206417 0.988908 167 791
-0.242230 -0.083301 0.171310 0.958820 172 694
-0.100465 0.008770 0.118773 0.533792 173 767
0.070228 0.054085 0.067903 0.915626 174 176
0.106327 0.041046 -0.033774 0.977229 176 591
0.080290 -0.078975 -0.018701 0.900507 176 646
-0.045636 -0.020862 0.216455 0.862950 176 2828
0.096754 -0.063440 0.132595 0.995250 176 2904
-0.015535 -0.054386 0.156686 0.959295 181 1168
0.085416 -0.008140 0.168415 0.968952 187 1072
0.088954 -0.299631 -0.016879 0.984227 198 254
0.091644 0.108493 0.115747 0.981205 203 2898
-0.043262 0.023855 0.048236 0.975715 203 2944
-0.103032 0.085958 0.045150 0.986899 232 698
-0.108098 -0.105937 0.193511 0.985975 232 1169
0.145391 -0.017082 0.109756 0.819788 234 1572
-0.123669 0.021985 -0.002832 0.904281 241 488
-0.019671 -0.077899 0.291665 0.933710 255 759
0.169011 -0.084001 0.102901 0.974647 258 926
-0.265799 0.065574 0.217025 0.987468 264 483
-0.282448 -0.410639 0.259105 0.944777 289 419
-0.179434 -0.126565 0.090118 0.837644 292 760
0.004908 -0.033100 0.217540 0.991828 296 1399
0.036792 -0.006043 0.201007 0.991304 301 1405
0.007846 -0.062585 -0.009093 0.978428 313 1632
-0.071867 0.313267 0.082073 0.768788 317 318
-0.209302 -0.293922 0.215116 0.952654 317 562
-0.077648 0.204479 0.085633 0.848794 321 514
-0.259546 0.155270 -0.065442 0.963837 336 701
0.077571 -0.009247 0.181517 0.986921 339 1272
-0.169416 0.373431 -0.032742 0.932756 341 441
0.151169 0.347699 0.169847 0.715677 346 601
0.093307 -0.074542 0.046016 0.623471 356 359
0.208803 0.182002 0.032387 0.924354 356 1419
-0.105943 -0.104554 0.071348 0.808453 356 1743
-0.312701 0.302519 0.074192 0.778817 372 418
-0.580709 -0.269637 0.181077 0.985540 375 476
-0.093503 0.139042 -0.027343 0.979942 377 427
-0.095668 0.054240 0.103193 0.944341 388 1846
0.133725 0.476730 0.183554 0.949505 405 659
-0.007755 0.130353 0.036367 0.832300 407 1390
0.033887 0.136120 0.104372 0.962872 417 1522
0.003875 -0.078071 -0.029193 0.755775 423 691
-0.012818 -0.145675 0.133122 0.913397 423 2181
0.022987 0.107322 0.062365 0.942714 423 2405
-0.060940 -0.019345 0.077320 0.677153 423 2476
0.011318 -0.093733 0.093227 0.903885 442 1626
0.128842 0.026483 0.179667 0.958602 443 1125
-0.077201 -0.087761 0.315288 0.986235 444 1125
0.018668 -0.060781 -0.064296 0.411502 447 708
-0.115364 0.110234 -0.055963 0.875888 447 938
-0.272038 -0.164825 0.089019 0.822199 466 624
0.059746 0.144743 0.169430 0.834449 468 1201
-0.062210 0.088367 -0.077346 0.943843 481 926
-0.087031 0.067053 -0.009060 0.893458 481 2222
0.139216 0.094102 0.369442 0.986078 482 1264
-0.190661 -0.190840 -0.076875 0.918983 488 593
0.102729 -0.092444 0.095102 0.895943 488 937
0.137683 -0.126774 0.172341 0.972743 494 985
0.156285 0.031600 -0.017011 0.927295 500 892
0.036505 0.147812 0.126143 0.998310 500 1130
-0.071584 -0.004055 0.267775 0.958283 513 1247
-0.067517 0.090461 -0.069061 0.981492 518 683
-0.179213 0.011472 -0.060665 0.897157 518 1196
0.009270 -0.187520 -0.020247 0.939295 518 1394
0.132335 -0.025160 0.076056 0.967832 518 3214
0.153906 -0.078737 0.212917 0.874822 518 3494
0.169597 0.129128 0.148002 0.923170 518 3495
0.017936 -0.057629 0.063264 0.992114 518 3650
-0.114172 0.020819 -0.033602 0.718797 520 1302
0.008009 0.041077 0.252493 0.954250 524 1357
-0.065442 0.073256 0.027388 0.908998 526 1686
0.081141 -0.053904 0.049169 0.917029 534 1312
-0.080126 0.091471 0.110007 0.985035 540 1443
0.084315 0.082803 0.139337 0.861353 548 1369
0.183903 0.085600 0.054672 0.535866 554 987
0.028205 0.010078 0.102879 0.913159 554 1335
-0.088072 -0.244207 0.266224 0.978143 575 1156
0.081693 -0.043538 0.234543 0.955575 586 1571
0.144056 0.009766 0.020602 0.981690 595 880
-0.116104 -0.022686 0.113039 0.996551 598 1368
0.114922 0.069984 0.133257 0.918138 603 1330
0.186757 -0.084486 0.179625 0.993689 618 1191
-0.175652 -0.238109 -0.023497 0.979390 623 745
0.077737 -0.063933 0.159440 0.985769 624 1011
-0.149794 -0.028207 0.147478 0.940880 625 1200
0.090557 -0.092565 0.140256 0.944378 625 1355
-0.075292 -0.186548 0.267705 0.956768 630 1306
0.009356 0.001539 0.107647 0.911492 651 1811
0.131144 -0.016610 0.098872 0.897771 652 787
-0.041530 0.087312 0.017025 0.971538 654 1632
-0.197266 -0.149629 0.463219 0.874257 661 995
-0.398958 0.090211 -0.020670 0.969083 665 803
-0.217950 0.061851 0.127935 0.960384 674 1004
-0.147667 0.098350 0.215002 0.963662 674 1246
-0.066250 -0.004473 0.178959 0.824590 688 1434
0.024037 0.297749 0.057446 0.981304 689 1058
-0.065980 0.108197 0.106265 0.965546 691 2179
-0.013582 -0.023610 0.140798 0.941091 692 1838
0.077389 -0.079293 0.071721 0.974081 702 1696
0.067326 -0.283400 -0.072625 0.893264 708 709
0.112652 -0.194821 0.115169 0.794382 708 836
0.205244 0.114915 0.302755 0.676553 709 836
0.148882 -0.084559 0.072663 0.980180 710 1331
0.010776 -0.109197 0.064654 0.970991 717 1498
-0.093512 0.105871 0.254745 0.817293 733 997
0.093582 -0.104305 0.114668 0.994157 736 1391
-0.008159 -0.112565 0.138195 0.978933 750 972
-0.089158 0.064417 0.290012 0.794472 751 1104
-0.032331 0.084333 0.161081 0.883464 752 972
-0.025421 0.153013 0.045538 0.986588 753 862
0.179479 -0.068366 0.062602 0.996078 763 1443
-0.072975 0.003237 0.115768 0.988663 769 2087
-0.145740 -0.032918 0.294772 0.933319 774 1123
0.071114 -0.025154 0.134222 0.979405 780 1942
0.134248 0.206504 0.051118 0.844685 784 785
0.215606 -0.065753 0.085645 0.935345 787 2106
-0.058570 0.020191 0.017960 0.823589 787 2686
0.019664 -0.045128 0.098675 0.729411 787 3005
0.079468 0.162693 0.177232 0.885367 789 1132
0.125799 -0.065788 0.158509 0.998496 797 1380
0.206356 0.096245 0.093630 0.996807 801 1289
0.270169 -0.167241 0.083952 0.990611 806 807
-0.035141 0.046261 0.143797 0.923335 809 1780
0.003523 0.229540 0.128972 0.943091 812 1515
-0.063396 0.167694 0.025145 0.992847 813 962
-0.118583 -0.067278 0.185380 0.950417 814 1473
0.030099 0.132233 0.065644 0.981902 827 1399
-0.104038 -0.067049 -0.052045 0.919115 833 1168
-0.136445 0.094841 0.074787 0.921779 833 1693
0.261063 0.040117 0.152358 0.998924 833 1805
0.094478 0.042900 0.161021 0.970719 833 2535
-0.121605 0.037541 0.130678 0.998411 835 1628
0.001088 -0.054222 0.120255 0.752502 843 1585
-0.070435 0.070517 0.386800 0.738414 850 1240
-0.200968 0.062303 0.077933 0.981790 879 1272
-0.090675 0.022599 0.080806 0.948711 880 1699
0.037529 -0.120551 0.250291 0.956087 882 1490
-0.167446 0.007900 0.087839 0.995607 887 1415
-0.056679 0.185526 0.103048 0.994401 892 1636
0.140420 0.032806 0.179004 0.731382 906 1425
-0.176593 -0.243991 0.168343 0.976352 922 1059
0.057565 0.075333 0.138259 0.999296 924 2985
-0.060052 -0.029280 0.097358 0.958319 926 2222
0.097683 -0.021976 0.052997 0.961648 931 1846
-0.006060 -0.004880 0.082986 0.932444 945 2804
-0.139115 0.169837 0.087213 0.999712 960 1298
-0.025282 -0.184805 0.164869 0.955784 961 1515
-0.039783 0.092582 0.041681 0.936980 963 1470
-0.074765 0.060443 0.100332 0.956780 966 1786
0.036190 -0.092418 -0.058110 0.956994 972 1105
0.015352 -0.002958 0.244203 0.988010 972 2658
-0.036054 -0.113036 0.018591 0.995059 979 1114
0.039937 0.018612 0.169976 0.984509 987 1335
0.319761 0.010973 0.347782 0.874818 990 1278
-0.235474 0.122806 0.130583 0.997656 990 1375
0.223358 0.089329 0.257121 0.824921 1004 1246
0.046161 0.165773 0.230831 0.973808 1006 1516
-0.237988 -0.197355 0.091675 0.917887 1021 1367
0.032483 -0.074286 0.595495 0.784570 1022 1171
0.093145 -0.194285 0.100200 0.820819 1025 1070
-0.047290 -0.135721 0.202791 0.928911 1031 1590
-0.059878 -0.080062 0.392404 0.707125 1046 1469
-0.181786 -0.103383 0.112607 0.925247 1048 1516
0.050697 0.075182 0.151256 0.874106 1052 1832
-0.075952 0.123628 -0.138444 0.985955 1053 1104
-0.000868 0.038092 0.011892 0.149230 1053 1720
-0.078252 0.005711 0.016080 0.812116 1053 2171
0.077336 0.179217 0.005208 0.993498 1060 1360
0.023495 -0.020490 0.138984 0.933871 1060 1835
-0.131996 -0.060431 0.157238 0.971930 1075 1672
-0.153488 0.018774 0.030166 0.940382 1083 1232
0.116938 -0.055189 0.103751 0.757954 1083 2251
-0.033790 -0.133947 0.102517 0.999794 1089 1748
0.037321 0.147902 0.134284 0.982235 1089 1956
-0.079849 0.210972 0.240136 0.999400 1099 1682
-0.046903 -0.005999 0.142828 0.913653 1100 2168
0.038640 -0.017801 0.210662 0.959127 1103 1830
-0.126193 -0.286870 0.276309 0.990918 1108 1305
0.056789 -0.091019 0.178364 0.976159 1123 1808
0.213327 -0.086043 -0.035035 0.923671 1130 1636
-0.032225 0.042538 0.081789 0.946314 1152 2318
-0.037983 -0.017497 0.090733 0.984336 1170 2716
-0.059195 -0.134616 0.096822 0.992273 1172 1729
0.127759 0.015331 0.078291 0.969266 1172 1854
0.059475 0.054597 0.237755 0.981187 1173 1982
-0.103176 -0.165436 0.083414 0.713829 1175 1409
-0.013575 -0.065305 0.222891 0.988543 1175 1940
-0.062763 0.090523 0.112412 0.978868 1181 1673
-0.148303 0.053564 0.134821 0.969589 1183 1818
-0.011256 -0.074069 0.095603 0.990878 1189 2392
-0.072572 0.002686 0.145190 0.990271 1197 2032
0.091365 -0.156247 0.111751 0.805017 1201 1788
-0.041959 0.098314 0.096253 0.675356 1201 1831
0.322199 -0.122497 0.264928 0.765354 1204 1359
-0.053091 0.015487 0.211294 0.949492 1222 1769
0.040860 -0.066699 0.086718 0.873434 1224 2686
-0.039850 0.018281 0.118642 0.992358 1233 1908
0.047465 -0.126165 0.042973 0.936657 1237 1382
-0.006527 -0.071617 0.095101 0.994097 1261 2370
-0.177867 -0.279111 0.133367 0.930349 1271 1846
-0.078538 -0.057592 0.218170 0.932931 1277 2102
0.033598 -0.031057 0.145435 0.981602 1280 2242
-0.116295 -0.080964 0.168407 0.983615 1290 2389
-0.388704 0.244455 0.301740 0.946852 1295 1646
0.005035 -0.008907 0.204474 0.930376 1297 2463
-0.082198 0.174094 -0.014187 0.915436 1301 1430
0.150139 0.128303 0.127516 0.992388 1309 1439
0.043703 0.027409 0.256499 0.932477 1310 1934
0.028793 -0.043084 0.103330 0.998763 1328 2582
-0.082895 -0.018256 0.159027 0.952494 1330 2098
0.091791 0.072062 0.052698 0.994023 1335 3246
0.017949 -0.085697 0.077659 0.988748 1337 1673
-0.326217 -0.218749 0.148482 0.975516 1338 1582
0.165422 -0.161065 0.178399 0.885081 1338 1583
-0.043713 0.052824 0.194486 0.984609 1343 2027
-0.223818 0.164805 0.066974 0.969605 1349 1467
0.013048 -0.216835 0.004990 0.962167 1352 1430
0.021530 -0.087663 0.141034 0.977212 1355 2077
0.084005 -0.075324 0.036667 0.983206 1360 1658
0.036899 0.034032 0.148837 0.964607 1367 2291
-0.044365 0.100092 0.147422 0.928689 1369 2297
-0.203526 -0.022621 0.049230 0.992495 1371 1733
-0.029711 0.071279 0.084044 0.875733 1380 1712
0.067110 -0.031383 0.050113 0.976604 1382 2777
-0.074666 0.031295 0.052604 0.840244 1390 2312
-0.282980 0.116912 -0.040921 0.941223 1392 1428
0.100166 -0.168601 0.100542 0.923783 1396 1686
-0.134528 -0.032023 0.037445 0.972086 1405 1845
-0.252187 0.237324 0.276545 0.998913 1406 1697
-0.212753 0.085132 0.056434 0.896488 1411 1575
-0.007738 -0.193988 -0.069974 0.887539 1412 2196
0.006230 0.001339 0.148434 0.837300 1412 2959
0.096449 -0.181038 -0.052589 0.533691 1416 1539
0.096286 -0.035103 0.176465 0.999498 1420 2974
0.045766 -0.258643 -0.085727 0.954724 1421 1508
-0.000711 -0.075812 0.034539 0.772661 1434 1931
0.152169 -0.005733 0.113920 0.913397 1439 3325
0.032852 0.109776 0.091403 0.756679 1439 3453
-0.110575 0.031032 0.127587 0.962835 1444 2082
0.032214 -0.078472 0.087965 0.986467 1448 2793
-0.288151 -0.134646 0.193241 0.945051 1452 1854
0.169854 0.185721 0.176442 0.997622 1456 1708
-0.203079 0.107416 0.143313 0.953050 1467 1826
0.208028 -0.200657 0.396040 0.958450 1469 1604
-0.128194 0.148311 0.054508 0.998124 1509 1993
-0.018029 0.179840 0.088216 0.952709 1512 1826
-0.021930 -0.049737 0.320474 0.733733 1524 1759
-0.036044 0.007571 0.217925 0.885708 1563 2219
-0.064374 0.047221 0.015546 0.951180 1574 1625
0.115375 -0.000162 0.039975 0.934574 1574 3053
-0.088400 -0.058392 0.188476 0.994612 1578 2239
0.084809 -0.009144 0.132743 0.945913 1585 2774
-0.104522 0.057449 0.148873 0.896339 1585 2964
0.037124 0.087524 0.105310 0.929406 1585 3245
-0.151445 0.054736 0.058875 0.995202 1596 1820
-0.022914 -0.073462 0.136883 0.945258 1596 1992
-0.048911 0.296438 0.377007 0.884303 1598 1873
0.133823 0.046326 0.098102 0.922501 1602 2258
0.060012 -0.196790 0.131837 0.948309 1603 1958
-0.133606 0.012900 0.175575 0.933178 1609 2213
-0.010230 -0.065586 0.181633 0.917851 1615 2284
-0.259323 0.015289 0.068382 0.897214 1620 2047
0.126172 -0.463189 0.102588 0.977549 1624 1763
-0.072927 -0.133845 0.164104 0.970960 1648 2258
0.010890 -0.177329 0.085525 0.955729 1651 2122
0.058453 0.026235 0.220380 0.913685 1655 2218
-0.075945 0.093628 0.042368 0.994192 1657 1835
-0.206004 0.396007 0.094745 0.983576 1660 1933
-0.064285 -0.110368 0.154644 0.995006 1662 2139
0.033788 -0.091462 0.000404 0.985158 1673 2551
0.058812 -0.172542 0.129821 0.890155 1681 1959
-0.148809 -0.075124 0.024139 0.997478 1694 1893
0.142520 -0.138264 0.419987 0.974240 1699 2148
-0.043218 0.034851 0.170847 0.942727 1704 2586
-0.086586 0.080303 0.026649 0.849093 1712 2427
0.175499 0.056947 0.177466 0.945345 1712 3252
0.100760 0.015871 0.273314 0.967219 1714 2386
-0.077957 0.171304 -0.041581 0.878988 1728 1846
0.016760 -0.159134 0.143651 0.861858 1728 2228
0.138634 -0.072377 0.040038 0.874571 1729 2231
0.166621 -0.105554 0.119591 0.983807 1733 2544
-0.085695 -0.015235 0.075240 0.983457 1733 2833
0.054366 -0.074172 0.219454 0.992945 1747 2387
0.118352 -0.124707 0.122450 0.911764 1749 1917
-0.136539 -0.106496 0.224486 0.987750 1755 2439
-0.000093 0.068667 0.330428 0.939143 1759 2280
-0.092460 0.243173 -0.052064 0.968184 1788 1831
0.182331 0.041206 0.095119 0.879445 1795 1977
0.029093 0.144503 0.209247 0.901913 1796 2285
-0.038261 0.036961 0.297366 0.946669 1807 2230
-0.075307 0.035862 0.238116 0.939614 1808 2232
0.035777 -0.119756 0.116324 0.971680 1810 2633
-0.055073 -0.044072 0.154975 0.853546 1817 2805
-0.047528 0.116735 0.085207 0.988844 1824 2777
0.088191 0.111296 0.234825 0.987367 1827 2606
-0.379296 -0.069440 0.226560 0.907924 1834 2403
0.066716 -0.001827 0.104511 0.928893 1834 2821
0.159792 -0.098525 0.165100 0.837514 1848 2228
0.023773 -0.129000 0.091594 0.578556 1852 2489
-0.029742 -0.008286 0.221138 0.949376 1854 2627
0.059123 -0.145775 0.180274 0.990507 1860 2458
-0.106121 0.128938 0.269626 0.998475 1866 2592
-0.081139 0.130777 0.149564 0.929696 1888 1889
-0.100552 0.094467 -0.135050 0.949253 1889 1935
-0.078916 0.104208 0.088538 0.999855 1911 2593
0.092383 -0.059812 -0.092906 0.908670 1919 1920
-0.044694 -0.052396 0.118193 0.700906 1919 2745
-0.089585 -0.057563 0.260849 0.974490 1921 2605
-0.018434 0.097259 0.152056 0.936761 1933 2666
0.015981 -0.038923 0.006430 0.310127 1936 2406
-0.076693 0.132312 0.034461 0.982928 1936 2897
0.045895 -0.011548 0.351536 0.971416 1944 3242
0.201890 0.014960 0.276197 0.988513 1951 2646
0.091880 0.036617 0.071138 0.991303 1955 1997
-0.014463 0.147027 0.112038 0.994886 1965 2609
-0.007789 -0.190918 0.020567 0.960937 1968 2218
-0.228660 0.196073 0.212383 0.998521 1968 2471
0.078600 -0.055212 0.151038 0.964408 1970 2946
0.068221 -0.040431 0.087550 0.545329 1981 3749
-0.104478 0.073505 -0.100658 0.900472 1983 2232
0.089811 0.047915 -0.018988 0.505904 1983 2955
-0.187682 0.015019 0.070377 0.992509 1983 3713
0.018080 0.107108 0.108865 0.913425 1983 4090
0.112560 0.207750 0.201428 0.903132 1987 2304
0.011455 -0.177096 0.246819 0.975210 1988 2305
-0.080101 0.063164 0.096359 0.997351 1990 2918
-0.077170 -0.091401 0.049820 0.776015 1992 2846
0.047829 -0.051867 0.147589 0.985528 1992 3393
0.220751 -0.016467 0.304973 0.881613 1997 2648
0.052981 0.023771 0.076994 0.879299 1999 2933
-0.242273 -0.215595 0.320318 0.913634 2001 2400
0.031432 -0.026923 0.139708 0.908914 2002 3216
-0.046225 -0.004046 0.133891 0.963696 2007 2991
0.129578 0.076160 0.168219 0.993169 2011 2580
0.176529 0.120441 0.027623 0.996055 2013 2054
-0.089938 -0.179105 0.188663 0.867356 2013 2234
-0.109356 0.057976 0.249491 0.963625 2017 2546
0.116149 0.099333 0.296306 0.943894 2020 2550
0.118748 -0.192424 0.042012 0.979573 2023 2204
-0.032227 -0.135256 0.135265 0.946961 2027 2694
0.210412 -0.141169 0.091813 0.982428 2039 2476
-0.001801 -0.119694 0.156230 0.987146 2046 2763
0.100807 -0.504918 0.082586 0.891163 2050 2094
-0.080811 -0.090373 0.182652 0.964553 2053 2629
-0.038029 -0.119077 0.139146 0.965854 2054 2799
-0.030834 -0.089941 0.093345 0.996780 2056 2913
-0.348403 -0.113339 0.002327 0.939627 2064 2203
0.165137 -0.067519 0.070006 0.946389 2064 3808
-0.153406 0.030107 0.104126 0.964859 2066 2504
0.176299 0.121971 0.371825 0.829052 2068 2348
-0.151170 0.126743 0.258420 0.974914 2071 2650
0.065335 -0.145922 0.125425 0.928489 2077 2784
-0.173267 -0.109954 0.269409 0.991024 2081 3088
-0.171548 0.034690 0.077997 0.982081 2085 2481
0.245486 0.040297 0.193774 0.996522 2088 2574
0.132252 -0.206700 -0.023754 0.947674 2105 2340
0.068217 0.086725 0.426314 0.888133 2107 2548
0.160557 0.243972 0.134017 0.877284 2121 2350
-0.088926 0.046775 0.078283 0.952141 2124 3166
0.162553 0.093389 0.216698 0.998148 2132 2709
-0.016016 0.093815 0.294744 0.880267 2138 2409
-0.046394 -0.070175 0.268655 0.984020 2147 2764
-0.110259 -0.184758 0.299424 0.526858 2148 2720
0.028387 0.106218 0.262589 0.999684 2152 2726
0.302429 0.218560 -0.238301 0.992866 2159 2160
0.097621 -0.041847 0.250867 0.972043 2164 2879
0.118484 0.011617 0.095644 0.921082 2167 2852
-0.014010 0.051813 0.116643 0.874484 2168 3261
0.057839 -0.008346 0.069763 0.999433 2171 3897
0.097332 -0.221488 0.275650 0.826860 2175 2440
-0.197014 0.153162 -0.031124 0.875570 2181 2476
0.134354 0.225611 0.086664 0.994653 2183 2282
-0.338369 0.043188 0.117202 0.889666 2186 2325
-0.024964 -0.046408 0.114162 0.906131 2211 3552
0.048342 0.018233 0.186232 0.987706 2213 3357
-0.055070 0.134214 0.051659 0.982643 2218 2471
0.107426 -0.088816 0.231104 0.991404 2220 2754
-0.062000 -0.048921 0.104876 0.898881 2222 3364
0.090873 -0.334743 0.053919 0.936342 2223 2524
-0.056670 0.203853 0.123820 0.963972 2230 2577
0.008238 0.264786 0.064273 0.991648 2231 2419
-0.174812 -0.063733 0.041398 0.914303 2249 3014
-0.025638 0.011904 0.289696 0.996040 2257 3122
0.118273 -0.112275 0.189897 0.957657 2263 2748
0.102645 0.087448 0.175836 0.917452 2271 3032
-0.054031 -0.093139 0.089264 0.976973 2290 3228
-0.038886 -0.028244 0.129835 0.945192 2291 3834
0.023752 -0.108813 0.158550 0.948541 2299 2957
0.037537 0.126669 0.154115 0.986941 2323 3411
0.206687 0.015052 0.027017 0.889256 2330 2680
0.049651 0.118059 0.095689 0.995300 2330 3949
0.001091 -0.123518 0.176563 0.985220 2339 3050
-0.109279 0.011564 0.210458 0.976894 2343 3108
-0.130130 -0.038759 0.087995 0.980889 2347 2877
0.048449 -0.060700 0.077344 0.944470 2347 3538
0.001267 -0.128895 0.116251 0.887425 2351 2979
0.010934 -0.191111 0.124444 0.970910 2353 2782
0.139419 0.013817 0.124977 0.987045 2354 3165
-0.131620 0.116184 0.094037 0.973973 2358 2704
0.097487 0.031719 0.194249 0.920343 2365 2442
0.107338 0.049266 0.162787 0.985510 2369 3042
0.004655 -0.053679 0.184692 0.992412 2390 3306
0.091347 -0.016295 0.060642 0.897599 2394 3261
0.079423 0.074949 0.126622 0.967382 2406 3657
-0.022105 0.069502 0.098676 0.956459 2408 3367
-0.162143 0.499461 0.240241 0.940650 2415 2531
0.171757 0.224766 0.088515 0.893356 2420 2835
-0.057804 -0.037162 0.322254 0.998705 2420 2953
-0.086328 -0.000767 0.047856 0.988865 2423 3098
-0.076282 -0.050283 -0.008266 0.965823 2425 2631
-0.054760 0.097863 0.061457 0.987051 2427 3199
-0.025680 0.090521 -0.059390 0.981767 2442 2788
-0.014346 -0.123252 -0.015175 0.993994 2442 3218
-0.111599 0.169516 0.014579 0.993736 2442 4372
-0.120316 0.032707 0.094916 0.979027 2442 5322
-0.043798 -0.032719 0.105757 0.931978 2442 5504
-0.002623 -0.081145 0.186507 0.993914 2443 3404
0.055405 -0.153025 0.034977 0.987020 2455 2582
0.056562 -0.127519 0.050172 0.915199 2458 2732
-0.152136 -0.059658 0.244660 0.981736 2460 3009
0.062756 -0.199596 0.062996 0.996740 2464 2937
-0.233009 0.196861 0.016308 0.897122 2476 3087
-0.209111 0.123787 0.323816 0.963925 2482 2989
-0.015765 0.039111 0.189833 0.958911 2484 3565
0.223473 0.247216 0.175887 0.970397 2489 3097
-0.132320 -0.045790 0.121098 0.992207 2492 4619
0.067396 -0.055432 0.155877 0.958479 2492 4854
-0.080338 -0.354270 -0.060051 0.892641 2509 2602
-0.253381 0.176590 0.064625 0.996005 2509 2880
-0.269325 -0.066760 0.373272 0.985672 2509 2930
-0.171354 0.232463 0.074834 0.989062 2512 2813
0.121933 -0.224589 0.137708 0.904086 2512 2882
-0.144803 -0.149610 0.145260 0.893245 2513 3161
0.051094 0.200168 0.065377 0.987906 2520 2819
-0.048366 0.124092 0.048483 0.972753 2524 2862
-0.092194 0.122650 0.139732 0.999664 2529 3176
0.140553 -0.022218 0.155271 0.983331 2538 3052
0.246115 -0.072380 0.036995 0.975478 2546 2730
0.047702 0.007991 0.058905 0.472442 2551 2775
-0.001396 -0.113983 0.111052 0.934425 2554 3157
-0.070485 -0.167151 0.197579 0.986417 2560 3126
-0.043495 0.083937 0.127430 0.837331 2581 3052
-0.042307 0.060213 0.234202 0.792261 2591 3010
-0.158464 -0.034653 0.300165 0.954953 2602 2851
0.075517 -0.265962 0.223309 0.913814 2604 2932
0.095423 -0.088795 0.044240 0.999772 2610 3170
-0.122817 -0.017964 0.098064 0.966447 2613 3031
0.045511 0.167183 -0.025860 0.796241 2617 2757
0.245730 -0.295443 0.197525 0.922603 2619 2715
0.092284 0.338785 -0.016467 0.968957 2631 2801
-0.016756 -0.114130 0.051253 0.938693 2631 3293
0.157803 0.066173 0.333739 0.977785 2632 2961
0.021746 -0.049878 0.160740 0.930618 2636 3003
-0.328488 -0.089781 0.210290 0.920959 2637 2729
0.080907 0.029164 0.004706 0.809283 2641 3017
-0.059735 0.024134 0.219461 0.956012 2641 3532
0.007477 0.396873 0.139266 0.969624 2651 2700
0.336869 -0.179531 0.148858 0.790836 2651 2701
0.087841 -0.153692 0.123041 0.768448 2655 2657
-0.063109 0.065937 0.173638 0.738346 2655 3127
-0.042355 0.036033 -0.002791 0.614845 2657 3127
-0.105412 -0.197707 0.073944 0.975795 2658 3080
0.087766 -0.024740 0.172080 0.951368 2664 3557
0.210753 -0.112833 0.140675 0.926279 2672 2902
0.137008 -0.172721 0.170657 0.991113 2686 3477
-0.004342 -0.132550 0.150980 0.903213 2698 3160
-0.017088 -0.128518 0.207613 0.971311 2699 3257
-0.184331 -0.062807 0.038510 0.744608 2706 3261
-0.058352 0.108621 0.179458 0.947612 2708 3359
0.065036 0.136313 0.241443 0.994645 2711 3085
-0.077788 0.022277 0.253571 0.950789 2713 3276
-0.035574 -0.065010 0.197859 0.950790 2718 3664
-0.030532 -0.165169 0.081157 0.919177 2722 3049
-0.088528 0.099078 0.157791 0.951521 2732 4304
0.186255 0.080742 0.209200 0.959344 2736 2968
-0.008999 0.084323 0.063483 0.853290 2748 3261
-0.133349 0.044818 -0.065458 0.817930 2757 2824
0.077026 -0.102341 0.092355 0.986463 2765 3332
-0.163198 -0.075305 0.082345 0.976138 2767 3785
0.059555 -0.221370 -0.043850 0.903580 2770 2803
0.040413 -0.015900 0.061514 0.944971 2777 4644
0.075116 -0.115044 0.124012 0.919364 2786 3318
0.070236 -0.069805 0.165781 0.859192 2789 3407
-0.086507 -0.090908 0.058565 0.951948 2790 4656
0.333518 0.258478 0.202046 0.781650 2792 2905
-0.234098 -0.045914 0.193197 0.966870 2820 3557
-0.036575 -0.009487 0.202319 0.863932 2821 3697
0.041396 -0.089419 0.077732 0.993989 2821 4287
-0.064188 0.025691 0.014154 0.845864 2822 3318
-0.016928 0.116394 0.066695 0.998851 2822 3558
0.041841 0.050983 0.258150 0.872139 2824 3503
0.096946 -0.046726 0.150800 0.987815 2838 3922
0.039508 -0.096303 0.075678 0.823617 2844 3677
0.104117 -0.393743 0.208156 0.892065 2849 2975
0.037607 0.423914 -0.060109 0.931320 2851 2930
-0.053758 -0.210259 0.293035 0.779689 2873 3251
-0.050461 0.073391 0.077881 0.912856 2877 3063
0.288329 -0.284923 0.039685 0.876105 2880 2930
0.052053 -0.051777 0.135418 0.988221 2881 4601
-0.069406 -0.110757 0.064810 0.953211 2882 3770
0.252670 -0.048549 0.312187 0.911875 2886 3076
-0.109176 0.161563 0.382644 0.981406 2892 3321
-0.105292 0.054292 0.124867 0.966046 2906 3747
-0.146248 -0.001330 0.037447 0.957660 2913 3758
-0.019252 -0.057576 0.151468 0.762801 2932 3646
0.057607 -0.092542 0.001747 0.974385 2933 3397
0.017626 -0.247081 0.255331 0.924127 2936 3547
-0.005723 0.184587 0.108492 0.984958 2937 3735
0.120111 -0.067157 0.043003 0.995976 2943 4285
0.018730 -0.151009 0.000874 0.985502 2944 3404
-0.022429 0.145297 0.116822 0.743080 2944 3901
0.045020 -0.026849 0.137092 0.872122 2944 4374
-0.032263 -0.006893 0.078211 0.908067 2944 4761
-0.098369 0.077663 0.124444 0.906538 2947 3273
0.131266 -0.054574 0.039096 0.966812 2949 3565
-0.019212 -0.344372 -0.129218 0.952238 2950 3046
-0.187820 -0.132633 0.207966 0.972635 2952 3511
-0.028875 0.047143 0.194541 0.963602 2952 3839
-0.072413 -0.084881 0.164392 0.836429 2953 3755
-0.025387 0.044283 0.221392 0.972233 2961 3667
-0.062584 -0.120441 0.141719 0.987954 2965 3844
-0.134404 0.032729 0.179606 0.913640 2968 3391
-0.040670 0.006174 0.048151 0.904002 2974 5125
-0.107948 -0.096852 0.182213 0.994255 2976 3063
0.063412 -0.032653 0.118477 0.982955 2979 3488
-0.061215 -0.087367 0.100475 0.848504 2996 3838
-0.075326 -0.016034 0.171487 0.987493 3004 3879
0.105633 -0.074878 0.093934 0.987861 3005 3761
-0.075189 0.280552 0.101966 0.932786 3020 3258
-0.314368 -0.245605 0.114620 0.988736 3025 3165
0.046677 0.161665 0.115613 0.809127 3035 3083
-0.073561 0.112835 0.149543 0.956387 3045 3871
-0.088650 0.070451 0.279652 0.832417 3051 3428
-0.146370 -0.022939 -0.005247 0.981352 3052 3336
-0.112588 -0.062713 0.078017 0.910077 3052 3913
0.024849 -0.169844 -0.172014 0.733456 3063 3443
0.002143 0.133954 -0.057370 0.894446 3063 3729
0.050686 -0.038256 0.043425 0.979386 3063 6294
-0.096462 -0.005782 0.134127 0.968739 3063 6339
0.069716 -0.008636 0.117832 0.999247 3068 4018
-0.006175 0.025741 0.181248 0.840402 3076 3491
-0.085309 -0.000277 0.195968 0.974234 3077 3650
0.075977 -0.165010 -0.010416 0.983716 3078 3080
0.120342 -0.069909 0.101067 0.993520 3086 3654
-0.080946 0.043183 0.124269 0.898011 3086 4023
-0.060153 0.098232 0.144010 0.973275 3093 3908
-0.047443 0.127140 0.047409 0.992462 3094 3838
0.167706 -0.159630 0.174025 0.912389 3097 3382
-0.122581 0.117297 0.311443 0.968180 3097 3624
-0.014929 -0.122091 0.094446 0.982802 3121 5127
0.030030 0.047122 0.236593 0.988617 3124 3855
-0.333488 0.135880 0.297979 0.978544 3126 3818
-0.099303 0.028244 0.048086 0.996394 3128 3932
0.061535 -0.053808 0.113547 0.993737 3128 4516
-0.036680 0.037043 0.120904 0.983939 3128 4794
-0.021861 0.083563 0.178477 0.986158 3132 3452
-0.116544 -0.101406 0.270820 0.968457 3152 3723
-0.226618 0.269241 0.062141 0.929521 3155 3677
0.017628 0.217133 -0.038162 0.621189 3165 3398
0.017747 0.088073 0.054265 0.847487 3165 3488
-0.026391 -0.073993 0.140214 0.845424 3165 4279
0.035106 0.016112 0.136849 0.933422 3165 4699
-0.024122 -0.018644 0.079982 0.827550 3167 4318
0.102416 0.069614 0.242802 0.815251 3169 3821
0.193046 -0.126204 0.068650 0.890135 3190 3236
-0.122483 -0.008015 0.044227 0.987130 3190 4396
-0.035267 0.044414 0.072022 0.966036 3190 5477
-0.080671 0.164452 0.337922 0.783391 3197 3523
-0.258985 -0.051068 0.220712 0.954173 3204 3641
0.072858 0.129619 0.210475 0.995827 3204 3851
0.220904 -0.031449 0.118881 0.986322 3208 3599
-0.063407 -0.043639 0.142357 0.996053 3216 4244
-0.046637 -0.224775 0.078438 0.952706 3220 3276
-0.522358 0.051202 0.296377 0.967184 3221 3368
-0.061966 0.271354 0.302022 0.928307 3225 3618
0.001461 0.186006 0.186534 0.996942 3234 3753
0.108332 0.081766 0.028291 0.898433 3239 3293
-0.251234 0.137020 0.270844 0.987337 3241 3715
-0.095636 0.083259 0.017196 0.978303 3261 3890
-0.155549 -0.031709 0.146937 0.921788 3261 5008
-0.066925 0.265061 0.048823 0.981292 3271 3360
0.198385 0.045237 0.143723 0.972695 3280 3706
-0.040040 -0.079109 0.107327 0.943189 3280 4255
-0.186564 0.092905 0.308693 0.849430 3293 3955
-0.080832 0.268518 0.336949 0.955225 3293 4002
0.137638 -0.090754 0.213378 0.971282 3294 4221
0.105102 -0.096389 0.127575 0.975160 3296 3439
-0.064406 0.023287 0.377474 0.973987 3305 3971
0.059444 -0.095598 0.104411 0.982925 3311 4145
0.000311 0.013951 0.244644 0.973777 3315 4149
-0.088672 -0.088266 0.100577 0.868360 3318 4148
-0.160799 0.085821 0.059996 0.998615 3325 3453
-0.041072 0.113600 0.137850 0.996689 3342 4176
0.094487 -0.107282 0.148954 0.936721 3345 3885
0.122670 0.074923 0.057411 0.612566 3357 4144
0.087957 -0.087600 0.182260 0.990886 3369 3942
-0.037053 0.123483 0.440636 0.955711 3374 3708
0.129183 0.068842 0.272745 0.933722 3383 3915
0.157946 -0.064358 -0.007493 0.968646 3385 3919
-0.092653 -0.020665 0.139053 0.987975 3385 4736
0.058724 -0.034998 0.144256 0.961767 3407 4476
-0.045227 0.019037 0.094928 0.950401 3411 5101
-0.078897 0.174511 0.220087 0.800995 3416 3780
-0.142296 -0.015458 0.075604 0.827916 3422 3708
0.100980 0.007219 0.067830 0.899782 3426 3876
0.130417 -0.071343 0.048245 0.909748 3427 3756
-0.150773 -0.006790 0.143925 0.998225 3432 4167
0.073463 -0.107474 0.076072 0.990791 3442 4049
-0.117080 0.081795 0.073573 0.947042 3449 3650
-0.018263 -0.174013 0.001913 0.836082 3465 4213
0.117651 -0.040717 -0.010422 0.894137 3491 3650
0.160379 0.033713 0.188646 0.958822 3493 4321
-0.134115 -0.279935 0.111015 0.997456 3494 3650
0.152875 -0.091578 0.207547 0.950239 3502 3742
-0.053078 0.106751 0.191978 0.686457 3503 3827
-0.007320 0.019823 0.129650 0.918485 3504 4210
0.260280 -0.085653 0.401738 0.642270 3516 4541
0.240217 0.066601 -0.006286 0.851431 3517 3518
-0.070734 0.004550 0.028089 0.493748 3517 5202
-0.178889 -0.029256 -0.004126 0.937024 3518 5202
-0.122582 -0.013522 0.179251 0.972061 3521 3718
0.119184 0.024623 0.088461 0.990359 3535 4181
-0.027346 -0.046868 0.091081 0.989727 3538 4414
-0.116564 0.067492 0.477052 0.924717 3540 3886
-0.075324 0.003786 0.190898 0.934300 3546 4419
0.016551 0.362082 0.393133 0.849004 3553 3774
-0.120805 -0.071051 0.091665 0.894892 3554 4200
-0.093722 0.045946 0.081836 0.929543 3556 4070
-0.009366 0.001915 0.167019 0.979614 3566 4486
-0.145507 0.013306 0.173275 0.942046 3588 4009
-0.155877 -0.220009 0.280603 0.893293 3595 3853
0.059637 0.487325 -0.013240 0.997802 3607 3652
-0.041110 0.106828 0.152504 0.998643 3608 4322
-0.034553 0.207299 -0.024934 0.849828 3616 4112
0.187604 0.027174 0.103094 0.963309 3617 3870
0.191286 -0.412583 0.053850 0.938114 3618 4386
-0.061638 -0.051176 0.205392 0.949744 3625 4267
-0.143699 -0.146474 0.181234 0.995221 3634 4629
-0.053841 0.008732 0.245430 0.944064 3642 4639
-0.008008 -0.093547 0.059515 0.990761 3642 4642
-0.075250 0.010363 0.055576 0.986206 3642 4915
-0.102124 -0.009203 0.174458 0.964766 3653 4326
0.046851 -0.330995 0.304460 0.953917 3660 4116
-0.009470 -0.119257 0.192118 0.982112 3664 4488
0.070416 -0.129780 0.167222 0.954183 3670 3718
0.039635 -0.133776 0.242775 0.967442 3673 4274
0.001454 -0.112497 0.053813 0.987126 3677 4687
-0.009639 0.026382 0.196885 0.920905 3682 4562
0.219847 0.125401 0.031749 0.938030 3685 3815
-0.028534 0.065244 0.068668 0.727202 3686 4142
-0.435371 0.218000 0.259582 0.951705 3687 3817
-0.047755 0.156255 0.141056 0.856795 3697 3742
0.191644 -0.078794 0.022223 0.939816 3697 4287
0.107182 0.013322 0.291426 0.999392 3706 4213
0.011269 -0.109510 0.156855 0.888293 3715 4220
-0.082399 -0.340378 0.093364 0.987324 3720 4348
-0.012364 -0.034394 0.049131 0.597244 3720 5297
0.045351 0.010979 0.112703 0.987777 3720 5298
-0.071273 0.182271 0.259380 0.892954 3724 4135
0.101291 -0.130827 0.098618 0.978721 3731 4310
-0.099884 -0.112401 0.169964 0.939867 3733 4417
-0.006901 -0.025231 0.211607 0.980914 3753 4440
-0.179181 0.018111 -0.089592 0.913387 3755 3875
0.055179 0.127420 0.149060 0.951562 3755 3952
0.015712 0.005375 0.120944 0.941123 3755 5243
0.011626 0.040749 0.054236 0.789580 3761 4999
0.151889 0.099707 0.103646 0.985555 3769 4057
0.064273 -0.083343 0.042003 0.980239 3777 5103
-0.065018 0.092403 0.160309 0.876753 3779 3942
0.021163 -0.055325 0.126140 0.956511 3782 4257
0.146128 0.043617 0.042769 0.974599 3785 4439
0.077524 0.167091 0.098356 0.986152 3785 5079
-0.016436 -0.014794 0.049079 0.762022 3785 5658
0.056816 -0.018041 0.223592 0.955518 3809 4413
-0.002965 -0.070221 0.150330 0.945595 3814 4455
-0.071502 -0.002148 0.131174 0.945189 3820 4704
-0.156191 0.053465 0.145137 0.803098 3825 4525
-0.116346 0.202022 0.068404 0.945301 3843 4173
-0.042885 -0.025105 0.181855 0.943880 3844 4910
0.087100 -0.073756 0.133344 0.917603 3845 4553
-0.002425 -0.042049 0.098671 0.905994 3855 4278
-0.156615 -0.077576 0.262347 0.874744 3860 4198
-0.066839 -0.152703 0.017379 0.992500 3871 3908
-0.122356 0.087082 0.069954 0.857759 3871 4159
-0.005242 0.056200 0.243834 0.807311 3876 4583
0.017504 0.281223 0.123804 0.989936 3877 4676
-0.040206 0.129704 0.052519 0.964735 3881 4302
0.007262 -0.088795 0.101174 0.941311 3882 4907
0.019814 0.014414 0.168452 0.970354 3885 4868
-0.094249 -0.341604 0.202157 0.925706 3887 4231
-0.005271 0.065045 0.101828 0.987854 3891 4278
-0.059464 0.080630 0.099032 0.986234 3903 4984
-0.333718 -0.428580 0.416216 0.961164 3917 4042
0.037396 -0.083126 0.094734 0.951864 3920 4910
0.239023 -0.189544 0.187972 0.958592 3933 4367
0.068412 0.029072 0.095470 0.978091 3936 4838
-0.057831 -0.181816 -0.127259 0.995944 3942 4332
-0.092578 0.038032 0.023303 0.966729 3942 4764
-0.009513 0.025840 0.075711 0.726331 3942 4986
-0.076550 0.060363 0.111232 0.923461 3942 5649
-0.145847 -0.138286 0.000727 0.979658 3942 5650
0.197570 0.051244 0.067455 0.939953 3942 5651
-0.175694 0.205617 0.408675 0.972936 3948 4260
0.085634 0.116462 0.096669 0.703689 3952 4676
0.196889 -0.225636 -0.005216 0.984230 3960 4046
-0.024205 -0.056612 0.165687 0.931453 3968 4961
0.016844 0.126476 0.192892 0.944870 3972 4746
-0.031965 0.046893 0.201524 0.987665 3974 4831
0.010952 -0.145685 0.182094 0.891040 3990 4247
-0.182590 -0.136288 0.091104 0.867202 3994 4212
0.078954 -0.137001 0.106192 0.826950 3995 4850
-0.063072 -0.425417 0.253189 0.918772 4003 4171
0.085080 0.164848 0.273948 0.976647 4004 4548
-0.037522 0.187715 0.284005 0.990743 4006 4686
-0.069385 -0.181283 0.218805 0.827680 4011 4411
-0.086295 -0.094569 0.078337 0.984577 4030 4661
-0.172514 0.011977 0.021971 0.994300 4032 4117
-0.173826 -0.136472 0.176423 0.974536 4033 4336
-0.085715 -0.286928 0.272318 0.951689 4037 4390
0.067717 -0.003239 0.062474 0.924254 4041 4345
-0.126273 -0.111177 0.050148 0.858196 4043 4544
-0.071448 0.035377 0.109525 0.895325 4057 4830
-0.237579 0.035963 0.184747 0.966990 4070 5057
0.028763 0.195747 0.179491 0.996468 4082 4616
-0.029188 0.064473 0.082048 0.889362 4084 5386
0.042726 -0.307719 0.066120 0.980616 4092 4172
0.075112 0.038654 0.143232 0.955903 4105 5407
-0.003365 0.209066 0.206038 0.958369 4109 4711
0.140942 -0.180295 0.132264 0.980308 4115 4481
0.114436 0.084339 0.295662 0.947155 4124 4619
-0.056950 -0.285370 0.065919 0.999690 4129 4740
0.117149 -0.397127 0.079224 0.927731 4140 4361
-0.003247 -0.118235 -0.015277 0.925219 4142 4791
-0.121449 -0.051322 -0.034654 0.999756 4142 5009
-0.014459 -0.051482 0.046879 0.880509 4142 6034
-0.074820 -0.089466 0.174878 0.867600 4158 4719
0.022003 -0.269039 0.124216 0.802536 4159 4665
0.075208 0.113045 0.200829 0.841899 4160 4433
0.060820 0.017586 0.144890 0.867819 4161 5386
0.108894 0.025687 0.142511 0.986660 4165 5203
-0.069422 -0.065836 0.096949 0.991738 4167 4902
-0.012658 -0.080773 0.143064 0.983870 4168 5251
0.262716 -0.014243 -0.011497 0.991599 4172 4302
0.108454 0.318974 0.126591 0.924074 4172 4546
-0.065212 -0.071475 0.127557 0.987861 4176 5001
0.071466 -0.034898 0.145395 0.986208 4181 5267
-0.415540 -0.055117 0.331869 0.997134 4199 4516
-0.070131 0.068047 0.181256 0.975691 4200 4975
-0.062058 -0.160116 0.033729 0.651149 4204 4371
0.026661 0.100367 -0.115747 0.975151 4208 4287
0.057188 -0.155970 0.189064 0.993117 4209 4805
-0.069735 0.131592 -0.126013 0.970939 4210 4329
0.074590 -0.119320 0.155530 0.926099 4212 4888
0.069672 -0.043005 0.079511 0.987243 4216 5393
-0.199565 0.130654 0.264524 0.943472 4217 4818
-0.054226 -0.102228 0.050989 0.993669 4221 4999
0.053878 -0.065272 0.089429 0.899411 4226 5919
-0.058260 0.041768 0.086362 0.945357 4226 6223
-0.010674 0.130685 0.271763 0.968081 4230 4646
0.047793 -0.369063 0.074580 0.846915 4231 4600
-0.067440 0.008200 0.130178 0.983657 4238 5586
-0.028285 0.091610 0.104596 0.898586 4241 5177
-0.043961 0.128736 -0.079045 0.891104 4245 4328
0.319328 -0.269091 0.295949 0.953202 4249 4250
0.057881 -0.021047 0.075002 0.989085 4257 6241
-0.016922 -0.051425 0.052466 0.763439 4258 4890
0.065153 -0.031641 0.083752 0.884326 4259 4948
0.064106 -0.035628 0.071951 0.855287 4263 4490
-0.397437 -0.102454 0.178080 0.967417 4264 4489
-0.005068 -0.225979 0.106472 0.975331 4274 4633
0.128433 -0.247722 -0.165306 0.748231 4275 4635
-0.020124 -0.041669 0.179795 0.965685 4278 6640
0.006443 -0.131416 0.084677 0.987615 4285 5061
0.077325 0.082628 0.010521 0.933868 4287 4476
0.007375 -0.058529 0.067458 0.943738 4298 6053
-0.036289 0.117070 0.235762 0.991393 4304 4684
-0.109507 -0.032360 0.152339 0.994469 4309 5088
-0.022617 0.275830 0.216891 0.723661 4312 4600
-0.035745 -0.029523 0.122698 0.911325 4318 5591
-0.018373 0.091138 0.072545 0.891307 4320 5138
-0.034389 0.046309 0.064113 0.981563 4321 4570
-0.189640 0.003419 0.146963 0.742938 4321 4604
-0.179218 0.052101 0.010627 0.803382 4324 4653
-0.175060 -0.179363 0.058543 0.908586 4324 4800
0.066533 -0.198267 0.185874 0.943450 4330 4764
0.027253 -0.106796 -0.036195 0.966051 4345 4680
-0.048568 0.050214 0.030524 0.833891 4345 6668
0.074066 -0.114619 0.061270 0.991544 4345 6674
0.039964 -0.085813 0.134331 0.938928 4345 7171
-0.084491 -0.190004 -0.003574 0.517063 4371 4521
0.034384 -0.151969 0.040237 0.971506 4388 4611
0.115892 -0.061069 0.197408 0.987635 4389 5026
0.164338 -0.038175 -0.002647 0.927425 4399 4495
-0.043262 0.062110 0.093598 0.946278 4399 4621
0.196416 0.259990 0.396692 0.752952 4403 4552
-0.047252 0.060807 0.124023 0.907119 4412 5356
0.007818 -0.054939 0.051772 0.942855 4412 6254
-0.142833 -0.046775 0.117946 0.916822 4413 5265
-0.074464 -0.070703 0.120036 0.998991 4423 5275
-0.096394 -0.247523 -0.105136 0.898536 4425 4980
-0.007776 -0.086409 0.110738 0.923674 4442 4621
0.155103 0.113673 0.202675 0.997076 4445 4903
0.017350 0.087320 0.214956 0.991400 4448 5164
-0.162374 0.049991 0.023162 0.987976 4454 5365
-0.213108 -0.040364 0.404698 0.978237 4468 5143
0.082418 0.087851 0.189825 0.869587 4469 5326
0.033352 0.091204 0.083197 0.895347 4476 5191
-0.056620 0.022905 0.117230 0.986845 4478 5947
-0.027985 -0.155595 0.042616 0.994811 4484 4720
-0.111248 0.055379 -0.024597 0.994951 4490 4895
0.055940 -0.027103 -0.029908 0.736206 4490 5623
0.053140 0.005961 0.063728 0.936992 4490 7037
0.072706 -0.067896 0.138653 0.944457 4500 5254
-0.080099 0.073584 0.228442 0.517092 4509 4786
0.060546 0.004391 0.157760 0.943521 4516 5374
-0.090188 -0.034052 0.052148 0.984123 4517 5983
0.031991 0.013279 0.119830 0.966961 4517 6355
-0.170680 0.237414 0.282606 0.999816 4540 4897
-0.057628 0.138760 0.267248 0.998008 4546 5207
0.101967 -0.166273 0.131922 0.952972 4549 4684
0.120947 0.082857 0.269003 0.999913 4551 5213
0.058977 -0.015849 0.258966 0.929214 4568 5226
0.077893 -0.198468 -0.189763 0.971493 4570 4604
-0.033946 -0.106650 -0.049864 0.959574 4570 4795
0.049820 0.293554 -0.138824 0.700221 4570 5054
0.033543 -0.083199 -0.018186 0.928521 4570 5139
0.118882 -0.045961 0.162958 0.968915 4591 5207
-0.040543 0.200647 0.095552 0.961690 4593 5000
0.174570 -0.128800 0.088966 0.998572 4599 4868
0.108850 -0.064850 -0.001964 0.947500 4608 5148
-0.068061 0.071773 0.097134 0.920855 4608 5554
-0.170510 -0.106740 0.117317 0.802215 4619 4853
-0.081012 0.118003 -0.010055 0.930139 4621 5115
0.093056 -0.039477 0.024079 0.963637 4621 5806
-0.005179 -0.343438 -0.018641 0.763317 4622 4623
0.014825 0.236150 0.079410 0.796581 4628 4997
-0.026678 -0.073855 0.069942 0.987219 4633 5816
0.016868 0.154488 0.225465 0.764279 4638 4917
-0.555159 -0.125289 0.339755 0.865456 4640 4689
-0.043142 0.039242 0.078978 0.998845 4644 6295
-0.165697 0.095453 0.266266 0.854302 4647 4870
-0.279780 -0.066963 0.184821 0.985468 4649 4929
0.018912 0.045102 0.146232 0.996188 4650 5729
-0.164851 0.039135 0.186464 0.979221 4651 5138
-0.028103 -0.215862 0.030568 0.905108 4653 4800
0.064978 -0.137815 0.062751 0.964003 4654 4804
0.082588 -0.185870 0.088571 0.985014 4673 4675
-0.166166 0.018378 0.126715 0.967954 4675 5392
0.110849 0.006083 0.110733 0.835686 4676 4777
0.067733 -0.061517 0.032511 0.878124 4680 4999
0.022737 -0.019473 0.196107 0.985809 4681 5209
-0.046033 -0.065896 0.186660 0.980207 4684 5398
0.198092 -0.002597 0.165163 0.978077 4691 4965
0.012281 -0.339271 0.113849 0.939026 4692 5268
-0.102556 0.004918 0.099786 0.814376 4692 5633
-0.037210 0.063169 0.139663 0.915091 4707 6037
0.054416 0.252735 0.010887 0.990349 4723 4725
-0.098872 0.059174 0.044970 0.993263 4729 5199
-0.073990 0.058069 0.252507 0.962290 4749 5270
-0.019045 -0.231190 0.139720 0.972173 4751 5309
0.056657 -0.149870 0.088409 0.933286 4753 5094
0.162167 -0.260835 0.254449 0.977071 4759 5278
-0.358869 0.165143 -0.056383 0.895845 4765 4807
0.062674 -0.105462 0.128576 0.936717 4771 4890
-0.046680 0.038947 0.187088 0.980108 4791 6034
0.064538 -0.101702 0.078293 0.995226 4793 5318
0.021014 0.135586 0.119874 0.953212 4805 5553
-0.007435 -0.089773 0.251044 0.972837 4806 5329
0.148194 -0.048282 0.060140 0.744596 4812 5386
0.181250 0.061394 0.109154 0.940151 4819 5438
0.069439 -0.196660 0.010928 0.946953 4822 4823
-0.013076 -0.081885 0.162764 0.998771 4825 5763
0.089592 -0.075843 0.214426 0.992311 4845 5559
0.025701 -0.165323 0.021299 0.914333 4869 5091
0.201127 0.033791 0.070892 0.956800 4869 5271
0.024857 -0.053228 0.403379 0.944630 4876 5590
0.070037 0.197465 0.258208 0.938487 4879 5498
-0.066923 0.062928 -0.033824 0.993247 4883 4984
-0.155501 -0.133147 -0.004347 0.953133 4883 5281
-0.137366 0.024087 -0.048993 0.984172 4890 5239
-0.015905 -0.122390 0.117428 0.944692 4898 5570
0.220966 -0.165687 0.107190 0.988091 4901 5438
-0.088454 0.030334 0.071279 0.857340 4933 5374
-0.329354 -0.362500 0.233200 0.973637 4939 5017
-0.577943 0.236309 0.343016 0.969112 4945 5104
-0.198772 -0.049488 -0.002362 0.998778 4950 5287
0.039061 -0.227779 0.194830 0.946472 4950 5565
0.178577 -0.004012 0.081263 0.978654 4954 5756
0.034616 0.147608 0.150294 0.838464 4954 5808
0.046641 0.073287 0.217209 0.925920 4963 5770
-0.034365 0.025411 0.150168 0.937645 4973 5588
-0.151955 0.126860 0.054935 0.997487 4979 5278
-0.121518 0.067461 -0.026144 0.786261 4986 5649
0.055503 0.019215 0.114912 0.994870 4991 6324
0.261734 -0.114848 0.132538 0.986242 4993 5288
-0.084738 -0.123798 0.230781 0.998686 4994 5518
0.148324 0.073088 0.075001 0.994866 4995 5523
-0.241476 0.057160 0.154429 0.979487 5008 5454
-0.017106 0.107514 0.397007 0.826757 5017 5421
0.103790 -0.129843 0.092782 0.951058 5020 5947
-0.082143 -0.122561 0.151817 0.874842 5027 5028
0.309601 -0.262412 0.082103 0.878940 5027 5114
-0.000279 -0.160463 -0.146385 0.851596 5028 5079
-0.015628 0.002562 0.114191 0.991282 5028 6615
-0.084289 -0.143038 -0.025759 0.939438 5030 5476
-0.153439 0.015051 0.171904 0.926374 5030 5660
0.266597 -0.300186 0.393357 0.983467 5046 5310
-0.039095 -0.102857 0.108069 0.934394 5053 5369
-0.098179 -0.009541 0.128362 0.941212 5056 5784
0.100853 -0.180752 0.276039 0.993563 5058 5596
0.036755 -0.118240 0.140577 0.889863 5069 5698
-0.038898 0.080430 0.200611 0.999525 5071 5897
-0.049345 -0.181834 0.038411 0.982658 5076 5796
-0.011504 -0.038354 0.110399 0.996892 5081 6621
0.094096 -0.089496 0.135116 0.954944 5086 5673
-0.063578 0.189423 0.262426 0.686981 5094 5455
0.038382 0.028181 0.107924 0.979316 5100 5738
-0.199864 -0.206711 0.259878 0.819797 5110 5387
0.055952 -0.245599 0.056628 0.824841 5112 5658
0.160596 0.018635 -0.060368 0.960938 5113 5524
-0.066516 -0.056531 0.119066 0.955201 5116 6089
0.027427 -0.098825 0.099288 0.982589 5120 5811
-0.008543 0.168740 0.407802 0.969592 5124 5446
-0.230628 -0.034741 0.067112 0.956355 5125 5819
-0.042025 -0.160991 0.002381 0.985842 5128 5585
0.186589 0.098067 0.299997 0.911034 5138 5546
0.031126 -0.085816 0.104916 0.896017 5138 6199
-0.119958 -0.090331 0.065522 0.957307 5139 5828
0.021080 0.125880 0.115212 0.971694 5148 5843
0.130971 0.049050 0.146162 0.999156 5167 5965
0.038108 -0.082485 0.054941 0.990391 5177 5588
0.003780 -0.180433 0.161024 0.983100 5187 5888
-0.021462 -0.036557 0.135127 0.903699 5196 6323
0.059706 0.403298 0.233251 0.890794 5206 5858
-0.103279 0.023856 0.299222 0.975782 5214 5963
-0.003898 -0.135790 0.052851 0.947941 5221 5974
-0.194524 -0.095134 -0.004974 0.789172 5222 5494
0.019157 -0.076077 0.204545 0.783111 5225 5728
-0.020278 -0.198718 0.134085 0.991965 5228 5496
-0.061941 -0.061841 0.313936 0.933572 5237 5792
0.046918 -0.129469 0.189040 0.994723 5239 5657
0.199857 -0.373451 0.004148 0.944553 5240 5658
-0.107820 -0.105460 0.195619 0.954706 5241 5744
0.106600 0.030237 0.117021 0.924026 5242 6089
-0.006700 -0.058832 0.102865 0.994658 5249 6503
-0.058890 -0.078403 0.189262 0.994789 5251 6132
-0.103416 -0.021352 0.165665 0.930706 5253 6057
-0.060099 -0.324490 0.016396 0.880529 5258 5672
-0.090435 -0.095073 -0.036739 0.650601 5260 5400
-0.096207 0.118155 -0.045385 0.964121 5260 5444
-0.139240 -0.211286 0.091292 0.983469 5264 5578
0.086836 0.041259 0.187233 0.992625 5266 6475
-0.077306 0.106162 0.106703 0.980504 5267 5919
0.012670 -0.099082 0.107556 0.909557 5267 6148
0.211940 -0.149273 0.276069 0.999900 5268 5403
-0.271599 0.218775 0.078784 0.943063 5268 5633
-0.113442 0.005653 0.218357 0.939372 5269 6105
0.061897 -0.032779 0.153875 0.975934 5278 6316
-0.040886 0.062763 0.066015 0.929820 5278 6443
-0.372687 0.012486 0.464228 0.997647 5280 5506
-0.114554 0.021961 0.227678 0.893205 5297 6331
0.061095 -0.162875 0.150242 0.934997 5298 6098
0.044503 -0.137866 0.133844 0.986244 5302 6021
-0.081761 0.099216 0.063010 0.964959 5316 5588
0.175782 0.136489 0.202261 0.978071 5322 5787
0.067632 -0.030901 0.179103 0.977163 5325 6071
0.130902 0.062126 0.174994 0.973489 5326 6116
-0.138918 0.129358 -0.028170 0.999443 5328 5940
0.182331 -0.125194 0.190956 0.935742 5336 5518
-0.075466 0.338455 0.097399 0.781844 5341 5474
-0.043688 -0.001630 0.038364 0.569169 5342 5661
-0.075822 0.064250 0.165545 0.946374 5345 6091
-0.202930 -0.352239 0.102487 0.999892 5353 5488
-0.067188 -0.147926 0.271067 0.718078 5353 5680
0.131543 -0.348370 0.086919 0.964602 5361 5585
0.010704 -0.117799 0.167602 0.855886 5366 6196
0.065058 -0.055772 0.036739 0.898211 5393 5570
-0.227369 0.017660 0.090295 0.996121 5393 5747
-0.122949 0.066358 0.163151 0.944045 5402 6145
0.019894 0.016771 0.145211 0.945781 5403 6394
-0.264839 -0.041496 0.199588 0.994443 5406 6196
0.090959 -0.181211 0.049408 0.989562 5407 5690
0.019111 -0.159834 0.095207 0.940816 5408 5589
-0.398365 -0.261827 -0.044749 0.922588 5422 5464
0.082377 -0.110300 0.210956 0.977086 5424 5695
-0.082931 0.171193 0.038881 0.977951 5428 5697
-0.121555 -0.001849 0.080792 0.977033 5434 5745
-0.045108 -0.049836 0.110201 0.981768 5438 6667
0.044230 -0.004283 0.133971 0.999593 5453 6829
-0.076177 0.081926 0.144699 0.938315 5462 6756
0.389886 0.529867 -0.096592 0.943724 5475 5569
0.078407 -0.038848 0.158237 0.992925 5475 6575
-0.176333 -0.099482 -0.011290 0.943026 5476 5523
-0.220067 -0.218620 -0.104982 0.758321 5476 5804
-0.036137 -0.215628 0.148228 0.983391 5491 6030
0.158489 -0.045541 0.146993 0.939393 5499 6443
-0.042236 0.083473 0.170278 0.981421 5503 6358
0.069060 -0.083751 -0.000198 0.768510 5512 5894
0.093149 -0.088516 0.069607 0.728416 5523 5906
0.141545 -0.271763 0.194315 0.994481 5538 5872
0.062970 0.190043 0.002796 0.966456 5541 5877
-0.085812 0.182392 0.238597 0.860246 5546 6309
-0.142713 -0.076499 0.086553 0.933625 5562 6412
-0.120351 -0.209814 0.053726 0.993377 5563 6007
-0.103799 -0.033065 0.118837 0.951688 5564 6172
0.093236 0.122744 0.197573 0.964836 5568 5957
0.120092 -0.088859 0.079991 0.989052 5571 5959
-0.178575 0.033311 0.137038 0.987078 5577 6251
-0.118012 0.164975 0.149510 0.926449 5578 5965
0.028143 -0.049482 0.184956 0.994247 5589 6697
-0.098393 -0.029914 0.114634 0.980938 5589 6745
-0.031345 -0.052631 0.121489 0.997618 5590 6483
0.259635 0.134566 0.285590 0.858496 5592 6115
0.204860 -0.299851 0.162182 0.940551 5603 5789
-0.092490 0.048825 0.109069 0.929444 5611 5953
-0.134455 0.078768 0.036965 0.990636 5618 5658
0.153649 -0.022942 0.151858 0.889935 5619 5661
-0.062715 0.097816 0.153325 0.968406 5633 6149
0.069659 -0.058979 0.070798 0.954620 5636 5689
-0.044288 0.000638 0.093933 0.985425 5636 6829
0.161605 -0.139156 0.057914 0.923152 5637 5980
0.232153 -0.165385 -0.020096 0.997071 5648 5696
-0.141305 0.069994 0.282101 0.962228 5654 5951
0.193154 0.127276 -0.047151 0.845731 5661 5852
0.049327 -0.137081 0.095986 0.842963 5661 6092
-0.177138 -0.170989 0.106941 0.924519 5664 6056
-0.126183 -0.224241 0.177944 0.724762 5680 6146
-0.132241 0.138842 0.253017 0.971230 5682 6294
0.080939 -0.105054 0.268760 0.970360 5692 6350
0.019452 -0.061712 0.170657 0.931129 5697 6711
-0.034862 -0.205768 0.139583 0.693836 5699 6170
-0.074334 0.040382 0.114920 0.967978 5705 6670
0.011853 -0.137107 0.024795 0.924877 5707 6019
-0.063321 0.011253 0.168195 0.977964 5707 6508
0.035074 -0.028687 0.098101 0.855727 5710 6287
-0.122654 -0.226025 0.345623 0.960198 5722 6186
-0.051221 -0.010472 0.226485 0.975333 5730 6310
0.088152 -0.073941 -0.081278 0.993405 5731 5888
0.001443 -0.119488 -0.059159 0.910301 5731 6789
-0.030103 0.098766 -0.071109 0.941982 5738 5993
0.117255 0.262570 0.222219 0.964143 5741 6118
0.099669 -0.037802 0.211646 0.995826 5742 6493
0.186322 -0.069647 -0.044101 0.699922 5744 5748
-0.000902 0.063066 0.192820 0.995931 5745 6661
0.120777 -0.242920 0.005705 0.736173 5746 5747
0.087183 0.018739 0.101616 0.989821 5750 6670
0.101092 -0.004897 0.104689 0.945206 5764 6023
0.072779 0.026491 0.236230 0.980319 5775 6688
-0.002707 -0.192394 0.144039 0.998362 5789 6236
-0.241464 -0.064406 -0.080321 0.948700 5799 6240
-0.017229 -0.096860 0.170005 0.898869 5809 6131
-0.074107 -0.061070 0.228030 0.921881 5812 6286
-0.095674 -0.037602 0.154890 0.952846 5820 6023
-0.096396 -0.031402 0.155556 0.969390 5828 6958
-0.043847 -0.252433 0.094358 0.883983 5830 6070
-0.006808 -0.080071 0.319802 0.981324 5845 6413
-0.020978 0.342938 0.225192 0.944676 5855 6096
0.001875 -0.259861 0.039490 0.977490 5856 5857
-0.195661 0.080754 0.333581 0.728785 5869 6146
0.027978 -0.091364 -0.021035 0.841866 5878 6154
-0.060358 -0.106201 0.076938 0.991179 5888 6789
0.014011 -0.122373 0.049993 0.931491 5889 6445
-0.074112 0.016997 0.032925 0.980453 5894 6167
0.017921 0.038299 0.183215 0.913926 5903 6664
0.097939 -0.029202 -0.072066 0.877262 5913 6141
-0.068942 0.110648 -0.047243 0.993490 5913 6379
0.040975 0.220948 0.107422 0.927527 5925 6343
0.080171 -0.117991 0.047941 0.999378 5928 6259
-0.127500 0.065903 0.240277 0.971519 5932 6519
-0.098913 0.057180 0.122282 0.525569 5936 6159
-0.041551 -0.060280 0.160874 0.971438 5957 7036
-0.025908 0.009013 0.281542 0.944360 5960 6811
0.059647 -0.013374 0.212068 0.920398 5963 6585
-0.049057 -0.032062 0.124633 0.971530 5965 6729
-0.054350 0.080373 0.026042 0.967757 5987 6355
0.095400 -0.167908 0.079600 0.935281 5988 6200
-0.121931 -0.227715 0.076719 0.932608 5991 6234
-0.006994 -0.165261 0.246206 0.995444 6015 6504
0.139012 0.164204 0.307869 0.996276 6016 6850
-0.060398 0.077288 -0.094435 0.948417 6023 6063
0.269622 -0.149470 -0.086458 0.964883 6024 6186
-0.125464 -0.008428 0.072190 0.828135 6025 6822
-0.191260 -0.056066 0.007406 0.945166 6029 6257
0.053179 -0.090306 0.102672 0.957577 6029 7152
0.035422 -0.143140 0.252936 0.996751 6032 6907
0.132095 0.012074 0.433394 0.883878 6035 6438
-0.069806 0.005697 0.202265 0.974589 6037 6960
-0.029362 -0.149633 0.172728 0.913589 6040 6490
0.051075 -0.065303 0.087098 0.940272 6043 6167
0.121454 0.167946 0.092750 0.960415 6053 6620
-0.048827 0.257453 0.067240 0.705274 6058 6135
-0.020095 -0.147508 0.199081 0.922398 6069 6521
0.144167 -0.157167 0.070432 0.824579 6070 6406
-0.290452 0.058751 0.200914 0.720735 6071 6567
-0.023836 -0.028784 0.105418 0.667646 6071 6754
0.195375 -0.069516 -0.091902 0.954129 6082 6170
0.209913 -0.101651 -0.014130 0.958245 6087 6088
-0.202999 -0.213695 0.357230 0.982940 6088 6371
0.080835 -0.011791 0.154247 0.967972 6099 6729
0.095801 -0.020147 0.285604 0.920402 6103 6636
0.108567 0.033103 0.190492 0.976264 6105 6825
0.055453 -0.052940 0.115428 0.940604 6107 7126
-0.063751 -0.171980 0.099003 0.995044 6111 6642
-0.094018 0.140622 0.126633 0.974444 6116 6568
-0.071486 -0.052600 0.137087 0.809358 6124 6762
0.089915 -0.106604 0.083923 0.936600 6131 7000
-0.242873 -0.029044 -0.069755 0.997384 6144 6336
0.020768 -0.043127 0.196354 0.876315 6144 6939
0.027163 -0.111876 0.042583 0.976401 6145 6631
0.156901 0.115418 0.206059 0.979627 6148 6738
-0.085235 0.019967 0.112177 0.999912 6148 7147
-0.016526 0.088431 0.190014 0.966960 6151 6779
0.042212 0.102135 0.174153 0.971995 6157 6866
-0.089415 -0.129087 0.061631 0.985792 6158 6751
-0.133832 0.031463 0.020180 0.994392 6172 6241
-0.042852 0.230043 0.104643 0.949221 6172 6921
-0.125374 0.007462 0.186669 0.886104 6188 6681
0.039105 -0.100920 0.097831 0.998868 6193 6984
-0.029872 0.105420 0.113523 0.984980 6194 6984
-0.190010 0.039273 0.218347 0.929013 6195 6642
-0.112448 -0.138738 0.118595 0.985635 6199 6700
0.027426 -0.139506 0.079984 0.983695 6215 6998
-0.053093 0.061802 0.171614 0.986947 6229 7130
0.091224 -0.001059 -0.000720 0.871590 6244 6622
0.041322 -0.118636 0.040329 0.963140 6244 6928
-0.118447 -0.130107 0.133081 0.997793 6245 6927
0.039899 -0.048554 0.091728 0.904859 6249 6625
-0.256150 -0.301807 0.117546 0.961767 6252 7458
-0.455464 -0.043175 -0.003372 0.924122 6252 7460
-0.039347 -0.172655 0.106975 0.982493 6254 7255
-0.062222 0.023068 0.335061 0.964872 6261 6741
0.110680 0.122761 0.223062 0.955895 6281 6927
0.059080 0.014677 0.107328 0.976186 6295 7390
-0.109619 0.102816 0.009015 0.982538 6316 6443
-0.073125 -0.056542 0.103034 0.906003 6321 6917
-0.100036 0.078260 0.085428 0.892741 6332 6724
-0.152684 0.037629 0.292940 0.994176 6342 6780
-0.350342 -0.060272 0.096992 0.958186 6343 6553
-0.025704 0.115231 0.023819 0.949997 6355 6699
-0.087607 -0.092195 0.161936 0.997168 6355 7067
-0.427221 0.083477 -0.043258 0.850655 6390 6516
-0.023290 -0.010037 0.200826 0.954163 6392 7086
0.230946 0.092637 -0.007154 0.974030 6394 7013
-0.110080 -0.173499 -0.015202 0.883560 6394 7212
-0.122616 -0.006417 0.114461 0.862593 6394 7391
0.189149 0.091180 0.028164 0.806688 6398 6590
-0.032990 0.113658 0.102660 0.935866 6398 7152
-0.003858 0.284102 0.387446 0.993755 6420 7038
0.061024 -0.113275 0.086894 0.996838 6425 6729
0.084980 0.196643 0.371401 0.991606 6430 7083
-0.085170 0.210867 0.155199 0.959814 6459 6620
-0.041173 -0.273930 0.215461 0.973705 6459 6972
-0.074020 0.078599 0.130745 0.716829 6463 7114
0.144815 -0.248003 0.114221 0.980744 6479 6740
-0.131336 -0.062230 0.183356 0.941622 6482 7336
-0.077034 0.304660 -0.032689 0.917577 6508 6771
-0.046352 0.079431 0.026707 0.957357 6526 7342
-0.084349 0.018571 0.146987 0.966777 6563 6833
0.043933 -0.508477 0.121824 0.948541 6567 6754
0.088483 -0.260471 0.111969 0.975232 6579 6721
0.099807 -0.132509 0.240383 0.847030 6584 6855
0.346438 -0.147963 0.037345 0.988441 6611 6802
0.092805 -0.043222 -0.043048 0.813091 6625 6854
-0.247359 -0.079307 0.118551 0.961432 6634 7083
0.157833 -0.085380 -0.032886 0.951621 6637 6688
-0.002273 0.069891 0.180594 0.981272 6643 7334
-0.116807 -0.198057 0.130147 0.961590 6670 7358
0.301080 -0.228369 0.144522 0.900737 6677 6726
0.085231 -0.096038 0.017000 0.980126 6685 6945
-0.070030 -0.023967 0.282517 0.865321 6687 7087
-0.026093 -0.152177 0.028578 0.950680 6691 6983
0.165772 -0.085702 0.068854 0.954669 6695 7156
-0.052998 0.406764 0.199252 0.998636 6707 6876
0.000569 0.022436 0.195817 0.990210 6724 7383
0.050017 -0.122597 0.131851 0.936160 6734 7311
0.092376 -0.143468 0.405847 0.991232 6736 7362
-0.019324 -0.005527 0.180403 0.975915 6741 7417
0.068595 -0.076174 0.149403 0.899074 6745 7240
0.072312 -0.069938 0.209951 0.996693 6749 7397
0.202899 -0.100647 0.143463 0.928627 6751 7019
0.152990 -0.006949 0.042006 0.889978 6772 7040
-0.172107 -0.013943 0.192642 0.950271 6778 7362
-0.100308 -0.115845 0.168449 0.983403 6779 7387
0.110892 0.104660 0.136668 0.974076 6779 7403
0.043427 -0.492394 0.076151 0.851306 6796 6876
-0.118479 0.031048 0.139323 0.956575 6797 7276
-0.052076 -0.024272 0.144153 0.351791 6824 7053
-0.167404 -0.147988 0.141464 0.910190 6827 7214
0.011126 -0.146377 0.151525 0.996771 6852 7348
0.028648 -0.132465 0.099297 0.972883 6857 7206
0.018497 -0.268033 0.055999 0.995640 6880 7029
0.163502 0.233522 0.087978 0.936283 6899 7046
-0.089392 -0.017300 0.186414 0.992924 6936 7386
0.155981 -0.375629 0.377170 0.908831 6940 7046
-0.045465 -0.266736 0.118336 0.581675 6951 7060
0.010767 0.240570 0.106830 0.988831 6981 7210
0.053388 0.144953 0.063450 0.997060 6995 7246
-0.207826 -0.216290 -0.012438 0.992565 7010 7121
-0.112615 0.125642 0.087670 0.958862 7059 7128
-0.083443 0.040949 0.103854 0.983571 7083 7433
0.350349 0.294292 0.111453 0.968430 7090 7091
-0.015164 -0.157554 0.126854 0.976815 7121 7256
0.124797 -0.100715 0.029177 0.960811 7126 7129
0.237280 -0.259218 -0.036950 0.984225 7159 7220
-0.069210 0.159350 0.144034 0.959461 7172 7409
-0.114519 -0.238031 -0.030038 0.891427 7187 7242
0.141054 -0.155596 0.088708 0.960458 7204 7373
-0.020482 -0.079874 0.162859 0.891243 7231 7402
0.123125 -0.163471 0.206418 0.938228 7236 7394
-0.029653 0.198948 -0.004192 0.969236 7237 7352
0.105540 -0.215140 0.093913 0.995707 7255 7423
0.113322 -0.222735 -0.036350 0.879584 7263 7335
-0.077100 -0.078627 0.209240 0.969614 7266 7439
0.139141 -0.120568 0.025916 0.966054 7334 7336
-0.221855 0.089988 0.105086 0.998553 7386 7441
