-0.066971 0.118991 0.152629 0.757750 6 159
0.119966 -0.006496 0.459360 0.979035 15 545
-0.250867 0.084656 0.068073 0.721318 17 225
-0.522755 -0.080060 0.168512 0.975048 18 30
-0.332991 0.276869 0.100687 0.943915 18 31
0.363376 -0.114491 -0.027763 0.797131 19 20
-0.103024 -0.019318 0.222439 0.974506 29 1219
0.257620 -0.276852 -0.168702 0.990300 32 81
-0.090897 -0.246279 -0.098979 0.789330 33 187
-0.224712 -0.068025 0.093162 0.800910 50 178
-0.158277 0.375002 0.161468 0.848710 51 82
0.221480 -0.142116 0.274172 0.846074 53 493
0.094382 -0.027956 0.007362 0.858034 59 817
-0.140591 -0.192926 0.155598 0.887398 59 1062
-0.264059 -0.095152 0.062047 0.784733 66 760
-0.019144 0.049145 0.146044 0.999643 75 1860
0.126419 0.291914 -0.083223 0.903048 77 132
0.123074 -0.119251 0.101035 0.866676 81 836
-0.106890 0.109332 0.041946 0.501011 82 180
0.478034 0.375926 0.071824 0.927184 84 85
-0.068425 0.053507 0.062709 0.861946 106 1702
0.092813 0.197632 0.056874 0.920341 113 544
-0.095297 0.260732 -0.036925 0.961951 114 157
0.012649 -0.259553 0.011990 0.894346 115 159
-0.026130 0.110995 0.129948 0.900816 116 626
0.121185 0.238143 0.443694 0.953650 123 554
0.120966 -0.109468 0.095962 0.954422 123 904
0.277940 -0.057030 0.165014 0.897746 129 1017
0.189629 -0.089803 0.298541 0.995608 135 716
0.290227 -0.037706 0.226849 0.957342 137 322
0.178704 0.099839 0.080188 0.966225 150 1106
-0.023808 -0.120038 0.220795 0.935973 156 1064
0.116291 -0.006697 0.142962 0.999173 158 760
0.135933 -0.142399 -0.110745 0.983568 159 208
-0.039431 0.267735 0.044961 0.978718 159 625
-0.049555 -0.025306 -0.010784 0.538330 159 816
0.184006 -0.057843 0.000518 0.995449 159 1399
0.007897 0.053204 0.113749 0.687325 159 2542
-0.048824 0.094220 0.079031 0.977546 162 461
0.049799 -0.070522 0.028078 0.958139 162 896
0.058543 -0.124351 0.118813 0.994903 164 1114
0.232147 0.173126 -0.000122 0.956110 167 552
-0.113401 -0.030401 -0.075729 0.843265 167 764
0.211718 -0.016462 -0.047081 0.983494 167 899
0.089396 0.170416 0.024844 0.979692 167 1075
-0.010289 -0.088148 0.016099 0.920160 167 2550
0.016888 0.103152 0.208300 0.932380 167 2804
-0.158805 0.099775 0.116592 0.739369 178 1123
0.145012 -0.540566 -0.017258 0.936108 188 255
0.252721 0.318686 -0.066430 0.738715 190 257
-0.415059 -0.260297 -0.243608 0.910489 190 334
0.044359 0.107890 0.163371 0.999050 199 1148
-0.051292 0.294478 0.079183 0.747921 201 448
0.045053 -0.002881 0.293454 0.969280 205 885
-0.207026 -0.272372 0.138710 0.979838 209 628
-0.059775 0.066887 0.017101 0.912739 210 1315
0.034572 -0.057326 0.042500 0.846456 210 1953
-0.050042 -0.001479 0.204440 0.978212 210 2751
-0.030038 0.013320 0.099401 0.601736 217 1215
0.108751 -0.264784 0.142484 0.974153 221 478
-0.169278 0.063563 0.132465 0.966457 238 912
-0.088139 0.154954 0.192232 0.944912 243 1373
0.077259 0.431803 -0.092654 0.798880 244 245
-0.026569 -0.003039 0.012567 0.117185 244 321
-0.422451 -0.379923 0.049754 0.810719 245 321
0.102755 -0.207002 0.148967 0.997469 262 1037
0.046444 0.197382 0.083140 0.913067 271 603
0.258915 0.018809 -0.063141 0.677326 273 680
0.026570 -0.005235 0.191954 0.937619 277 1646
0.111576 -0.311453 0.155171 0.719194 278 684
0.054810 -0.010079 0.081060 0.940879 281 1003
0.164317 -0.023694 0.035368 0.995184 285 370
0.328892 -0.258668 0.060368 0.952921 291 544
-0.135669 0.111544 -0.034220 0.963788 302 463
0.108079 0.030692 0.168026 0.846801 305 1216
0.327642 -0.024566 0.209601 0.774622 311 559
-0.167007 -0.236234 0.043247 0.996698 321 568
0.542866 0.000826 0.064720 0.909392 331 332
-0.148448 0.040604 -0.008723 0.992075 339 660
-0.023399 -0.206556 0.093051 0.957429 340 663
-0.122518 -0.246714 -0.022445 0.969675 345 518
0.152738 -0.075028 0.101712 0.891268 353 1694
0.017634 0.066614 0.173619 0.967784 368 1003
-0.084618 -0.169514 0.078602 0.946944 372 885
0.010165 0.121715 0.146398 0.995387 385 1218
-0.039140 0.038888 0.177762 0.878836 388 1177
0.117901 -0.180724 -0.014901 0.955431 401 495
0.055401 -0.056665 0.105685 0.995579 403 1913
0.029388 -0.360688 0.248854 0.956759 404 782
0.137869 0.069031 0.043169 0.979229 407 1777
-0.037685 0.137549 0.072976 0.991458 411 784
-0.094152 0.032812 0.171882 0.959142 412 1335
0.007870 -0.109108 0.234430 0.932562 424 1343
-0.040802 0.151937 0.253615 0.833681 436 990
0.127182 -0.055140 0.184147 0.987543 438 1201
0.075544 0.246910 0.191875 0.985767 447 1394
-0.103827 -0.012504 -0.012095 0.849649 454 1208
-0.005513 -0.052905 0.054364 0.803307 454 2329
-0.057504 0.047436 -0.015878 0.704852 458 693
-0.157062 0.123964 0.070435 0.978133 470 1072
0.088298 0.111633 0.065286 0.985783 472 1531
0.070189 -0.072636 0.131660 0.963594 477 1899
-0.070370 -0.168963 0.165370 0.998288 478 1322
0.081117 -0.032543 0.166384 0.934208 479 908
0.057370 -0.177480 0.035271 0.974986 483 711
-0.163855 0.037739 0.051242 0.647181 494 778
-0.047502 0.062962 0.141637 0.946959 496 1634
0.134381 0.006761 0.115601 0.929176 496 1771
-0.005773 0.144207 0.178610 0.998707 508 1872
0.043294 -0.185522 0.148542 0.867582 513 1036
-0.139444 -0.185741 0.241585 0.844278 520 862
-0.118867 -0.118280 0.136166 0.949055 524 938
0.170133 -0.058696 -0.055159 0.964955 528 532
0.005198 -0.144050 0.161662 0.914091 532 536
0.063976 0.291712 0.017494 0.782574 534 535
-0.076087 -0.008780 0.111022 0.934710 544 1847
0.039764 -0.064199 0.106586 0.967762 547 1893
-0.215234 -0.128838 -0.014281 0.936703 551 1113
0.098696 0.050514 0.082754 0.854230 551 1487
-0.063876 0.068603 0.100631 0.977279 551 2003
0.082442 -0.205269 0.009372 0.983650 554 904
-0.174909 0.125382 -0.041984 0.977732 555 961
0.191231 -0.056435 0.057977 0.915118 570 1332
0.039744 0.043402 0.090400 0.994894 570 3004
0.112337 -0.087122 0.140427 0.880477 574 1130
0.132825 -0.069835 0.083722 0.952695 576 1289
-0.121711 -0.134003 0.144097 0.941096 577 844
0.007769 0.076669 0.129229 0.988834 578 1914
-0.074157 0.244593 0.194119 0.999383 580 845
0.123129 -0.131433 0.101383 0.997855 592 1193
0.046874 -0.104687 0.219914 0.934697 600 1388
-0.019117 0.068168 0.062973 0.686922 607 1694
-0.310162 0.008878 -0.046528 0.966790 610 865
-0.146262 0.056695 0.300906 0.983676 623 1484
-0.064667 0.055302 0.045044 0.933332 626 1068
-0.041637 -0.047959 0.302570 0.964797 628 1527
-0.104830 -0.217557 0.196686 0.983290 629 1356
-0.148055 0.029473 0.036804 0.967485 632 958
0.128108 -0.025148 0.042984 0.951388 632 1357
0.076117 -0.115550 0.149846 0.885752 641 1625
0.122988 -0.233423 0.069406 0.989363 642 1223
-0.122862 0.390365 0.040633 0.954903 647 713
0.051458 -0.083753 0.064756 0.985749 656 1777
-0.067103 0.059310 0.072886 0.792871 657 1777
-0.170092 0.064153 0.014035 0.965812 665 1030
0.074537 -0.052423 0.128672 0.891664 667 1502
-0.035093 0.049749 0.337823 0.920465 672 1299
-0.053596 -0.129940 0.132081 0.989513 691 1354
-0.037732 0.025792 0.138677 0.983188 698 1946
-0.064768 0.015097 0.119555 0.743166 706 1114
0.001616 -0.133873 0.006489 0.953956 708 1364
0.129189 -0.497650 0.265512 0.976926 729 980
-0.014163 -0.103229 -0.009097 0.876496 730 981
0.017325 -0.003501 0.092113 0.829738 730 3501
-0.102781 -0.089130 0.098126 0.966035 733 1551
-0.004674 0.047899 0.131950 0.990329 744 2030
0.043095 -0.132956 0.091051 0.999295 759 1847
0.158234 0.288812 0.057778 0.939462 760 887
0.036327 0.095953 0.043785 0.930734 760 1849
0.050824 0.017872 0.222083 0.951270 766 1717
-0.079720 -0.190099 0.017130 0.997898 769 906
-0.161019 0.093243 0.107647 0.880111 791 1244
-0.155278 -0.423062 0.101816 0.852051 793 984
-0.036468 -0.039372 0.129849 0.987610 794 1379
0.231679 -0.030715 0.046878 0.950221 795 1250
-0.147326 0.041851 0.075465 0.884534 795 1502
0.101598 -0.105921 0.192861 0.945252 809 1567
-0.084943 0.022467 0.141282 0.966893 811 1349
-0.046486 0.041002 -0.013836 0.708139 816 882
-0.076100 -0.073474 -0.023213 0.654404 816 1267
0.109263 0.075438 0.087331 0.969852 816 2542
0.012344 0.028793 0.119106 0.871633 816 3139
0.109230 -0.007455 0.000255 0.795988 823 1215
-0.059638 0.067181 0.098570 0.930169 824 1953
0.047808 -0.074135 0.055204 0.936450 826 1715
0.047366 -0.037191 0.264142 0.915793 829 1713
-0.032014 0.059620 0.218497 0.967800 838 2622
-0.040093 0.101651 0.151282 0.967480 841 1412
0.058829 -0.182550 -0.030793 0.996028 844 1235
0.001890 0.100610 0.006171 0.869782 846 1130
0.045861 -0.031060 0.148037 0.985409 847 1966
-0.014334 -0.071191 0.149880 0.971367 850 1724
-0.085332 -0.156586 0.144614 0.868996 855 1550
-0.158618 -0.166123 0.448806 0.976288 857 1245
0.045325 -0.154478 0.076145 0.962455 872 1307
-0.214971 0.177918 0.016968 0.977842 882 1209
0.089311 0.056146 0.076887 0.783721 882 1704
-0.060329 0.020197 0.082118 0.795000 882 1941
0.040073 -0.071106 0.111912 0.922285 886 2142
-0.168913 0.133348 0.114952 0.929726 887 1849
0.070514 -0.256496 0.129586 0.797953 893 1166
0.099081 -0.044460 0.008510 0.966832 894 897
-0.038810 -0.067973 -0.009124 0.486140 894 1620
0.009688 0.166171 0.230119 0.931677 903 1364
-0.124027 0.054291 0.002857 0.958683 912 1016
-0.093042 -0.001357 0.184252 0.994401 915 2622
0.077950 -0.031272 0.098073 0.863093 929 1472
0.007771 0.118495 0.127548 0.851928 930 1732
0.146367 -0.009433 -0.010165 0.915745 938 1983
-0.003458 0.095911 0.090977 0.994818 938 2427
-0.045344 0.164726 0.108790 0.956971 942 1478
0.124321 -0.092652 0.087909 0.937860 943 1205
-0.026898 -0.084283 0.061216 0.816791 946 1646
0.026971 0.071443 0.130090 0.984936 946 1985
0.045371 0.102573 0.295732 0.977279 948 1516
0.036251 -0.091692 0.132235 0.929900 955 2045
-0.101441 0.079153 0.099329 0.997206 956 1354
-0.077681 -0.091167 0.018093 0.752297 957 1005
-0.142466 -0.002794 0.109958 0.996757 961 1856
0.050569 0.001452 0.136745 0.991970 963 2293
0.045698 -0.141635 0.097859 0.989861 974 1411
0.216066 -0.139053 -0.039880 0.996067 980 981
0.005130 -0.223723 0.087917 0.984020 981 1468
-0.229229 -0.007478 0.137800 0.931500 984 1191
0.082385 -0.196536 0.155466 0.944463 985 1503
0.005746 -0.021244 0.206418 0.998948 988 2643
-0.131092 -0.168344 -0.049563 0.967537 1003 1480
0.014326 -0.074869 0.057663 0.940237 1003 3272
-0.065734 0.039660 0.176569 0.986046 1011 1950
0.007113 -0.058159 0.064023 0.801797 1016 2397
-0.006235 -0.100300 0.088137 0.998473 1018 1813
0.080108 -0.162799 0.124326 0.981901 1025 1132
0.033875 -0.180794 0.184926 0.978671 1034 1191
-0.047133 -0.043959 0.195332 0.974659 1037 1641
0.016235 0.220448 0.196614 0.990764 1040 1559
-0.306367 0.280137 0.101963 0.970856 1069 1270
0.180307 -0.207369 0.204376 0.991782 1069 1444
0.012012 0.057610 0.165083 0.985989 1072 2193
0.136117 0.007983 0.040574 0.955996 1076 1171
-0.035645 -0.045777 0.277847 0.970851 1080 2200
-0.104373 -0.048098 0.144847 0.961566 1083 1962
0.134942 -0.047656 0.307427 0.982663 1083 2119
0.020091 -0.100514 0.091930 0.971488 1083 2166
-0.108602 0.109054 0.380351 0.932989 1083 2208
0.044379 0.150135 0.349054 0.961810 1083 2210
-0.079093 -0.246102 0.157499 0.924095 1084 1415
-0.237190 0.034471 0.148660 0.998479 1090 1469
0.075205 0.060532 0.130755 0.991133 1092 1379
-0.002381 -0.065320 0.167661 0.924532 1101 2271
-0.157584 0.120480 0.227392 0.955068 1104 1701
0.043248 -0.034212 0.157569 0.998199 1109 2236
0.000509 -0.036931 0.102371 0.985723 1114 1954
-0.052432 0.065881 0.077362 0.995824 1114 2100
0.007995 -0.115022 0.064930 0.993314 1115 2146
-0.123598 0.075041 -0.016028 0.990327 1117 1321
-0.043003 0.181742 0.000253 0.983965 1118 1323
-0.094574 0.010172 0.043268 0.959345 1118 1758
-0.280030 -0.462694 0.209635 0.991162 1123 1279
-0.038708 0.128000 -0.035359 0.983392 1130 1587
-0.091430 0.009678 0.027648 0.868440 1130 2510
0.035881 0.030416 0.165731 0.890115 1130 3199
-0.081806 -0.028000 0.078645 0.998206 1130 3399
-0.162706 -0.132530 0.182055 0.956511 1133 2120
-0.138278 0.179328 0.147315 0.983654 1143 1555
-0.018800 0.082655 0.054993 0.957451 1146 2032
0.077210 -0.104893 0.038067 0.941129 1153 1608
-0.167159 -0.124752 0.087652 0.916211 1162 1849
0.053055 -0.024060 0.050705 0.834251 1175 1905
0.137140 0.179420 -0.039353 0.805437 1177 1403
-0.003115 0.033401 0.174715 0.852804 1177 1862
-0.016022 0.433856 0.174674 0.998779 1181 1230
-0.066156 -0.166109 0.056570 0.990056 1190 1191
0.211719 -0.036744 0.075215 0.971877 1191 1923
-0.241550 0.039567 0.206323 0.995197 1191 2518
-0.301112 -0.173183 0.299425 0.861725 1197 1428
0.056591 -0.170592 0.033391 0.970986 1200 1201
0.063528 -0.019295 -0.056715 0.565502 1201 1257
-0.039175 0.086377 0.118243 0.737850 1201 2083
0.001755 -0.114603 0.081478 0.923853 1201 2368
0.070987 -0.098740 0.044473 0.980684 1210 1576
0.029278 0.017382 0.190563 0.864720 1214 1856
0.088183 -0.027549 0.060741 0.915417 1215 2756
0.071720 -0.167706 0.110810 0.955823 1216 1360
0.083854 0.139139 0.018508 0.883543 1216 1361
-0.025336 0.087714 0.131145 0.830853 1216 1804
-0.193581 -0.044768 0.082425 0.969828 1216 1898
0.006731 0.004088 0.077206 0.994942 1228 2563
0.006566 -0.097446 0.035449 0.979872 1235 1913
-0.037864 0.021016 0.172131 0.995177 1238 2575
-0.064833 0.144152 0.000069 0.970680 1243 1292
0.019484 -0.104049 0.157751 0.982627 1243 2219
0.192122 -0.031412 0.142343 0.866626 1246 1731
-0.174813 0.090279 0.221910 0.962665 1246 1826
0.055060 -0.012002 0.094257 0.903634 1247 2586
-0.255989 0.170484 0.168502 0.971452 1251 1384
-0.076932 -0.150030 0.219654 0.781844 1267 1892
0.001410 -0.077853 0.038825 0.990736 1269 2658
-0.202894 -0.082966 0.010459 0.965528 1270 1441
0.080440 -0.111722 0.094612 0.965020 1287 2347
-0.095956 0.048647 0.105008 0.861709 1304 2033
0.061223 0.002214 0.161434 0.831097 1304 2527
-0.047585 -0.108603 0.012511 0.993214 1305 1566
-0.043230 0.085272 0.025935 0.948023 1305 1646
0.012389 -0.064686 0.141274 0.984887 1316 2382
0.023741 -0.085780 0.114234 0.829629 1319 2101
0.046768 0.075577 0.122014 0.751817 1320 1808
0.182219 -0.073053 0.189361 0.933087 1325 1901
0.003568 -0.106794 0.057551 0.981589 1342 2079
-0.074784 0.149189 0.216284 0.994608 1349 2786
0.140648 -0.011674 0.034119 0.967368 1355 1999
0.025306 -0.062608 0.041752 0.938508 1355 2328
-0.061691 -0.057786 0.084760 0.965970 1355 2537
-0.018507 0.003741 0.075920 0.979361 1355 3082
-0.217238 0.003397 0.211238 0.973240 1356 1802
0.078511 -0.069318 0.099322 0.915633 1358 1857
-0.172004 -0.062336 0.231953 0.950595 1358 1952
0.117528 -0.063316 0.091192 0.987493 1359 2388
-0.103430 -0.057974 0.235169 0.954178 1361 1804
0.101810 -0.129633 0.048585 0.951609 1365 1583
0.091432 -0.103018 0.034798 0.994269 1370 1866
-0.000294 -0.193765 0.112038 0.943956 1372 1766
0.063249 -0.136522 0.064813 0.915962 1374 1585
0.042801 0.139616 -0.021604 0.952872 1379 1923
-0.150498 -0.043501 0.268599 0.986526 1391 1981
-0.150718 -0.006591 0.071895 0.487601 1397 1522
-0.177904 -0.547022 0.170440 0.914399 1397 1578
0.135146 -0.098363 0.058148 0.943385 1398 1947
-0.208933 -0.039176 0.042930 0.963980 1398 2235
0.113573 0.008055 0.053528 0.891844 1398 2612
-0.042627 -0.116726 0.143535 0.950238 1402 2294
0.041780 0.017022 0.075203 0.986793 1402 2810
-0.097170 -0.090579 0.144586 0.831004 1403 1862
-0.051999 0.124685 0.051846 0.905696 1411 1677
0.126382 -0.026872 0.266534 0.992335 1413 1911
0.038749 -0.301827 0.086665 0.814343 1415 1542
0.062113 -0.184425 -0.002859 0.985999 1416 1464
0.016713 0.185327 0.122345 0.915719 1424 1551
-0.125483 -0.076252 0.158047 0.913051 1427 2315
0.014758 -0.146645 0.082478 0.973019 1430 2026
0.156799 -0.109935 0.112409 0.969775 1432 2133
-0.016761 -0.069887 0.185380 0.992616 1444 2487
0.064665 -0.072856 0.086490 0.946394 1449 2501
-0.064322 -0.000273 0.014785 0.999602 1450 1715
0.039816 -0.081242 0.030824 0.939449 1450 1761
-0.033256 0.117189 0.076094 0.978628 1458 2157
0.074816 0.116523 -0.021856 0.924170 1461 1465
-0.056579 -0.060673 0.152065 0.977487 1469 2633
-0.103286 0.320622 0.039257 0.979569 1471 1594
-0.208564 -0.057188 -0.151505 0.878809 1472 1828
-0.055184 0.037494 0.068311 0.718059 1472 2465
0.137170 -0.070133 0.144248 0.968394 1472 2588
-0.078685 -0.069596 0.076201 0.907372 1472 2640
-0.135475 -0.011245 0.090129 0.944665 1472 2776
-0.098861 -0.205838 0.017388 0.960769 1491 1808
-0.217226 0.134568 0.123723 0.984013 1493 1907
0.003680 0.156154 0.267787 0.889773 1494 1958
0.144415 -0.143939 0.110415 0.974018 1497 1770
0.285121 -0.066155 0.026323 0.869038 1502 1554
0.117011 0.035472 0.132940 0.850370 1502 2639
-0.048456 0.060355 0.079514 0.929679 1502 2922
0.031983 -0.054697 0.116865 0.881243 1502 2923
0.114791 -0.387494 0.012219 0.938254 1506 1507
-0.085811 -0.111903 0.115492 0.958977 1511 2323
-0.085016 0.050256 0.039737 0.972258 1511 2425
0.098498 0.068167 0.113753 0.999911 1525 1661
0.021198 -0.115599 0.137003 0.948186 1531 2754
-0.141936 0.007331 0.128199 0.981050 1531 2803
-0.129008 0.056223 0.102014 0.848668 1533 1858
0.041818 0.119094 0.192800 0.962916 1544 2209
0.125515 -0.060782 0.141100 0.919302 1545 2067
0.024239 -0.174495 0.121481 0.792069 1546 2015
-0.125863 -0.018648 0.108957 0.923156 1547 2256
-0.020420 0.079755 0.034276 0.833407 1550 2019
-0.164529 0.090442 0.164120 0.886564 1550 2170
0.132418 0.037750 0.027063 0.976332 1551 2129
0.001157 0.193682 -0.084579 0.994060 1557 1688
-0.072786 0.016623 0.084869 0.907336 1560 1974
0.012461 0.010208 0.202894 0.990605 1568 2431
-0.112729 -0.306123 0.201261 0.968881 1571 1993
0.155916 -0.131233 -0.073431 0.962379 1572 2653
0.131174 0.045792 0.010237 0.972463 1572 3134
-0.022413 -0.010928 0.056326 0.676289 1572 3909
0.112825 -0.006558 0.126881 0.718158 1577 2052
-0.170867 0.039948 0.155871 0.988467 1587 2115
0.078019 -0.005323 0.132811 0.996615 1593 2918
0.258346 0.125028 0.162830 0.857329 1594 1782
0.086253 -0.095773 0.200951 0.835768 1603 1975
-0.107732 0.046703 0.096221 0.980685 1614 3181
0.116772 -0.069083 0.108445 0.973322 1616 2743
-0.057553 -0.155078 -0.066319 0.703300 1620 2193
-0.216066 0.039191 0.250015 0.966961 1638 2126
-0.113203 0.077162 0.233010 0.941777 1641 2266
-0.152258 0.007698 0.195402 0.859521 1644 2368
0.000499 -0.073289 0.093471 0.920552 1646 2840
-0.008147 0.047496 0.254831 0.977354 1651 2326
-0.162130 -0.158541 0.067140 0.957082 1657 1944
-0.097594 -0.233455 0.127169 0.927223 1657 2096
-0.093873 0.126000 0.072477 0.979703 1661 2485
-0.035050 0.068267 0.145070 0.944479 1668 2548
-0.219379 -0.072763 0.056320 0.998940 1678 1961
-0.074980 0.025382 0.178445 0.977794 1689 2642
0.030691 -0.203005 0.026335 0.991422 1692 2133
-0.126736 0.030439 0.002981 0.991880 1694 2321
0.014449 0.006054 0.177422 0.986294 1697 2974
-0.067521 -0.138480 0.043653 0.911342 1701 2139
0.046304 -0.033288 0.235797 0.955134 1703 2435
0.013250 0.009577 0.475731 0.986081 1706 2099
-0.196589 -0.080255 0.332933 0.970810 1711 2385
0.005525 -0.082253 -0.024533 0.964614 1715 1758
0.180562 -0.180082 -0.163505 0.995651 1715 1811
-0.052257 0.142267 0.203062 0.909124 1715 2806
0.089501 -0.036671 0.048301 0.956733 1715 2950
-0.050089 0.049705 0.199216 0.843919 1715 3101
-0.020260 0.063689 0.349067 0.919520 1715 3102
-0.048347 0.010321 0.080931 0.982393 1715 3652
0.033907 0.056871 0.242601 0.997262 1719 2561
0.055594 -0.086518 0.094169 0.982346 1724 2576
0.017974 -0.096582 0.072515 0.955533 1726 2577
-0.114630 0.032028 0.046055 0.967647 1731 1826
-0.013313 -0.139308 -0.008484 0.870828 1732 1971
-0.063848 0.044453 0.121741 0.865838 1732 2925
0.096068 -0.130589 -0.032888 0.973107 1740 1985
-0.060864 -0.128303 0.171075 0.977367 1743 2476
0.033801 -0.167424 0.104717 0.861904 1751 1849
-0.089257 0.044001 0.041738 0.998209 1752 2436
0.017806 -0.085059 0.095546 0.940590 1758 3657
0.001386 -0.093682 0.017033 0.992776 1764 2157
0.091700 -0.123559 0.038250 0.986781 1766 1959
-0.285333 0.098563 0.047350 0.990799 1772 1963
0.074766 -0.080926 0.129335 0.963042 1773 2573
-0.005675 -0.070075 0.139616 0.955483 1774 2917
-0.067451 0.104450 -0.008353 0.909971 1777 2255
0.118344 0.000196 0.037572 0.972276 1777 3256
-0.235929 -0.195281 0.202775 0.899640 1777 3298
-0.030878 -0.072200 0.055412 0.941878 1777 3736
0.016312 -0.172989 0.043295 0.997088 1781 2127
0.450613 -0.308103 -0.060599 0.960409 1784 1786
-0.025109 -0.214815 0.168465 0.993602 1801 2484
-0.081807 0.029868 0.073464 0.954566 1802 2796
0.042648 -0.006281 0.114585 0.981440 1802 3277
0.239123 0.025542 0.021771 0.965371 1804 2056
-0.015406 0.072107 0.140061 0.996481 1805 2989
-0.052277 -0.214320 0.061077 0.949339 1807 2245
-0.073134 0.062262 -0.002739 0.662640 1808 1955
0.125042 -0.036316 0.033032 0.773743 1808 2866
-0.080868 -0.076330 0.059830 0.742167 1808 3285
-0.023915 0.164079 0.136605 0.989202 1810 2390
-0.069398 0.006970 0.109038 0.976072 1813 3157
-0.393678 -0.076553 0.090326 0.860275 1819 1957
-0.080340 0.243375 0.179371 0.971969 1821 1868
-0.026251 -0.105851 0.077859 0.927012 1826 2462
0.194431 -0.011434 0.171961 0.986775 1827 2360
-0.154198 0.055263 0.159459 0.965131 1827 2586
0.054547 -0.225743 0.135513 0.995957 1837 2596
0.132715 0.046622 0.003153 0.969257 1847 1851
0.027982 0.031197 0.062731 0.827681 1847 3868
0.134497 0.063806 0.123633 0.997584 1849 3140
-0.090834 0.019970 0.162610 0.989066 1854 2800
-0.095176 0.209746 -0.088160 0.999393 1858 2443
-0.014443 -0.120539 0.279041 0.995944 1859 2390
-0.028285 0.105689 0.057081 0.955684 1864 2397
-0.083972 0.083106 0.147418 0.974177 1870 2679
-0.069397 0.002134 0.098375 0.990108 1883 3266
-0.005527 -0.058942 0.104674 0.981391 1895 3431
-0.020310 -0.073077 0.073443 0.994069 1896 3236
0.067933 0.148003 0.100179 0.940325 1905 2617
-0.057132 0.063550 0.065593 0.950868 1905 2713
-0.114746 -0.021265 0.258924 0.895603 1917 2581
0.206610 -0.272721 -0.123437 0.852276 1918 1919
-0.141889 -0.082778 0.330329 0.929358 1921 2309
-0.091043 0.272940 0.285615 0.997578 1922 2419
0.037185 -0.159415 -0.048665 0.915803 1936 2228
0.002736 0.067313 0.108436 0.989920 1955 2754
0.253929 -0.170940 0.067869 0.998515 1956 2146
-0.028216 0.001630 0.242189 0.839759 1957 2954
0.050006 -0.113704 0.162807 0.988562 1958 3051
0.153953 -0.027396 0.045819 0.389522 1965 2069
-0.239514 0.117157 0.094884 0.991598 1973 2315
-0.176364 0.050010 -0.040928 0.938759 1974 2364
0.139767 -0.010331 0.168948 0.883500 1974 3848
-0.056472 0.020468 0.183237 0.887054 1974 4203
-0.092696 -0.006901 0.183791 0.921172 1979 2693
0.063002 -0.177797 0.118283 0.676520 1997 2375
-0.143677 0.109707 0.242556 0.897203 2001 2485
-0.191197 -0.026427 0.179999 0.904734 2008 2671
-0.037878 0.028210 0.125282 0.904697 2010 3291
-0.106738 0.014882 0.172760 0.994010 2011 2872
-0.017355 -0.006301 0.101867 0.770463 2013 3052
-0.009145 0.250626 0.098150 0.998320 2015 2348
-0.224125 -0.300120 -0.027328 0.994019 2017 2169
0.328128 -0.274412 0.103308 0.999995 2017 2308
-0.135677 -0.267121 0.286791 0.964428 2019 2580
0.139289 -0.138046 0.047087 0.956581 2027 2425
0.058530 -0.102826 0.009154 0.996620 2030 2032
-0.044463 -0.043393 0.079836 0.972750 2032 2835
-0.260486 0.048407 0.314142 0.967037 2043 2743
-0.058368 -0.025213 0.138294 0.984780 2045 3420
-0.130303 -0.051359 0.095239 0.967193 2046 2744
-0.077766 0.008756 -0.011994 0.718308 2048 2183
-0.013099 -0.125037 0.060031 0.970324 2048 2850
0.155070 0.035598 0.091466 0.981124 2062 2560
0.116891 -0.274275 0.079856 0.913357 2063 2252
-0.104951 0.053779 0.122845 0.995079 2072 2961
0.139594 -0.081039 0.209205 0.971661 2073 2685
0.246136 0.037134 -0.010657 0.936440 2086 2088
-0.097557 0.115464 0.110306 0.859600 2090 2602
0.016636 -0.089008 0.146573 0.832805 2092 2480
0.170364 0.367997 0.356778 0.982697 2092 2482
-0.062557 -0.171137 0.062422 0.993771 2095 2702
0.004361 -0.048922 0.149718 0.974253 2100 3280
-0.012100 0.042691 0.129041 0.993684 2100 3543
-0.008563 -0.021624 0.147201 0.937702 2101 3340
0.057673 -0.129881 0.115631 0.898628 2111 2914
0.050872 0.014755 0.109356 0.911319 2114 4080
-0.407343 -0.059331 0.153526 0.981052 2117 2345
-0.067983 0.126819 0.036287 0.990760 2118 2571
0.081541 -0.015685 0.109734 0.947434 2120 2823
0.145117 -0.088684 0.120811 0.905367 2122 2417
0.038685 0.065785 0.337121 0.968083 2125 2686
0.126292 -0.071036 0.090315 0.822439 2128 2520
-0.070604 -0.054105 0.112125 0.898729 2128 3119
0.013330 -0.012371 0.143205 0.953910 2129 3620
-0.056418 0.026740 0.100183 0.970547 2134 3799
-0.123243 -0.021413 0.115863 0.851202 2135 3176
-0.124115 -0.116510 0.090641 0.922016 2142 2543
-0.146596 0.250519 0.126945 0.980399 2147 2496
0.210232 0.266435 0.291036 0.947081 2152 2504
0.015379 0.095681 0.350275 0.943663 2155 2675
0.241375 0.186273 0.210456 0.800068 2156 2676
-0.206057 0.294379 0.209083 0.943801 2157 2871
-0.006086 -0.088397 0.368587 0.987192 2159 2814
-0.107670 0.265366 0.200935 0.995254 2162 2568
-0.060614 0.070173 0.082694 0.948302 2166 2346
0.188241 0.031357 0.225065 0.994690 2167 2575
0.084892 -0.202023 0.106304 0.936665 2169 2352
-0.089150 0.068741 0.024332 0.861809 2171 2460
0.111058 0.079728 0.271992 0.931216 2173 2780
-0.146394 -0.175798 0.254335 0.937291 2174 2779
-0.093106 0.114251 0.113276 0.996960 2177 3021
-0.061023 -0.178362 0.140997 0.920929 2184 2653
0.073973 -0.107663 -0.016804 0.958435 2193 2488
-0.071987 -0.066276 0.094221 0.947525 2193 3338
0.108167 -0.380727 0.072498 0.959856 2198 2504
-0.036686 -0.039387 0.090363 0.927777 2199 3156
-0.076527 0.002570 0.173125 0.989254 2201 3106
-0.110305 -0.098057 0.296411 0.956926 2208 2346
-0.114690 -0.262052 -0.001109 0.677285 2223 2646
0.002725 0.066444 0.259514 0.941271 2225 2927
0.064136 0.000978 0.138789 0.904798 2236 3086
-0.024994 -0.398602 0.120105 0.723205 2248 2298
0.013077 0.088712 0.057796 0.884422 2249 2810
-0.065395 -0.082627 0.250002 0.913316 2252 2563
-0.146619 -0.143526 0.180270 0.965348 2256 3492
0.004078 -0.231538 0.323608 0.927291 2259 2919
0.161020 -0.028921 0.209258 0.761393 2262 2728
0.093556 -0.174008 0.008102 0.966781 2274 2276
-0.093785 -0.135484 0.067029 0.849845 2280 2705
-0.175724 -0.209037 0.085124 0.990144 2294 2391
0.101780 -0.130675 0.179855 0.925603 2302 2346
0.137333 -0.163600 0.033273 0.988333 2310 2420
-0.076215 -0.059357 0.146341 0.973551 2316 3170
0.079365 0.208169 0.018105 0.959367 2319 2525
-0.294397 0.159712 -0.046358 0.895991 2319 2690
0.060961 0.080490 0.043404 0.852411 2321 3314
0.061901 -0.011333 0.095920 0.885168 2322 4042
0.093502 0.050810 0.135503 0.943287 2328 3587
-0.131542 -0.204946 0.041639 0.986496 2329 2538
0.013843 -0.127537 0.098105 0.966447 2329 3135
0.047271 0.033603 0.238686 0.986977 2341 3002
-0.090627 0.071236 0.004923 0.997328 2346 2764
-0.043587 0.009318 0.136916 0.975561 2347 3735
-0.004354 0.073083 0.224851 0.915249 2358 2777
0.079626 0.082973 0.225148 0.827313 2360 3069
-0.090673 -0.032986 0.351667 0.902532 2361 2688
-0.075565 -0.026129 0.119606 0.951626 2365 2891
0.109060 0.132151 0.158645 0.965036 2365 2930
0.118718 0.088439 0.208506 0.993717 2369 3177
-0.013734 -0.064049 0.191401 0.865078 2372 3185
0.103968 -0.365903 0.092725 0.947266 2375 2656
0.037384 0.063257 0.110563 0.858425 2375 3645
0.043973 0.034181 0.120577 0.972938 2378 3870
-0.068913 -0.190758 0.082209 0.970872 2382 2906
0.271017 -0.018550 0.042593 0.959774 2384 2385
-0.167682 -0.006106 0.119358 0.965274 2389 2754
-0.207605 -0.046305 0.171213 0.907617 2397 2450
-0.127571 -0.049675 0.165876 0.913268 2397 3194
0.072545 -0.029612 0.050294 0.929748 2397 3666
-0.030602 0.237266 0.100452 0.991034 2409 2627
-0.169507 -0.054781 0.090606 0.965915 2417 3056
-0.103163 0.216263 0.067981 0.969622 2423 2526
0.112716 0.050756 0.009263 0.966956 2425 3413
-0.123981 0.029289 0.059104 0.953240 2425 3691
-0.074410 0.024819 0.092230 0.840874 2425 4039
0.004459 0.010262 0.105048 0.942486 2426 4315
0.172113 -0.018268 0.167698 0.998113 2429 3467
0.041653 -0.034273 0.173957 0.992399 2432 3519
0.034425 0.065705 0.267032 0.885591 2439 3333
-0.133242 -0.061560 0.138542 0.994465 2440 3231
-0.132514 0.068403 0.260694 0.896273 2444 2993
0.045406 -0.175837 0.056288 0.945762 2445 2553
0.099806 -0.100898 0.220732 0.799900 2450 2999
0.137368 -0.184276 0.080104 0.932899 2459 2769
-0.017871 -0.064047 0.121471 0.997830 2460 3892
0.064237 0.175979 -0.033966 0.998743 2469 2647
0.052448 0.212679 -0.145057 0.850305 2480 2482
0.063508 0.011173 0.012657 0.700333 2480 3272
0.034882 0.103222 0.194149 0.983271 2480 3756
0.428218 -0.189206 0.072046 0.978948 2485 3430
0.027345 0.312114 0.247289 0.816763 2491 2758
0.120509 -0.136757 0.081338 0.942214 2494 3103
-0.156159 -0.052712 -0.007739 0.892744 2495 3342
-0.061883 -0.047620 0.080538 0.975519 2501 3768
0.071362 -0.108780 0.031377 0.969017 2507 2764
0.056068 -0.057938 0.175439 0.973027 2510 3399
-0.083915 0.137992 0.428584 0.888751 2512 2818
-0.012948 -0.257054 0.063274 0.994726 2519 2829
-0.039988 0.111667 0.099750 0.947739 2523 3310
-0.137603 0.131659 0.056134 0.974269 2531 2934
0.015043 -0.073565 0.095069 0.967844 2531 3750
0.000816 -0.413055 0.049708 0.857232 2532 2599
0.052761 -0.060851 0.188863 0.480769 2532 2791
-0.094778 -0.073013 0.119068 0.815636 2540 3188
0.082438 0.024449 0.172933 0.888913 2540 3423
0.132394 -0.072351 0.106792 0.983587 2542 2942
0.256378 0.060971 0.039604 0.913350 2543 2859
0.134697 -0.014435 0.022592 0.998462 2545 2989
0.057429 0.020573 0.352631 0.973802 2552 3545
-0.286645 0.040245 0.081547 0.843189 2554 2670
-0.066211 -0.107955 0.053059 0.883447 2557 3347
-0.057235 -0.159779 0.030497 0.987070 2558 3002
0.008308 -0.040394 0.083428 0.969088 2558 3772
-0.087770 0.007511 0.067478 0.968790 2560 3156
0.058247 0.042573 0.160683 0.992717 2560 3719
0.074188 -0.037882 -0.090746 0.826778 2563 2565
-0.001783 -0.286606 -0.054395 0.960227 2563 2954
0.030902 -0.053839 0.005141 0.966751 2563 3727
-0.012505 0.064745 0.049408 0.915815 2563 5175
-0.010590 -0.045934 0.070736 0.934838 2563 5222
0.141450 0.117027 0.439168 0.940064 2566 3395
0.104836 0.003024 0.023490 0.988484 2566 3400
0.184513 -0.325708 -0.079093 0.922812 2567 2569
-0.062108 0.100414 0.432042 0.781103 2572 3008
0.136693 -0.103751 0.089174 0.998337 2573 3161
-0.157094 -0.130669 0.076705 0.987696 2576 3201
0.141890 0.001288 0.240176 0.962831 2577 3355
0.042196 -0.056939 0.037415 0.432348 2581 2683
0.046002 -0.257532 0.096734 0.964480 2588 2642
0.109871 -0.130440 0.119884 0.947691 2590 3264
-0.226529 -0.060210 0.175477 0.920761 2591 3124
0.138779 -0.260523 0.040585 0.853750 2594 2650
0.068366 0.347376 0.196331 0.821975 2599 2791
0.058956 -0.085514 0.168366 0.965939 2600 3370
0.202654 -0.071581 -0.038184 0.966815 2609 2610
-0.088788 -0.120248 0.161119 0.990693 2609 2855
0.103795 -0.199929 -0.007695 0.949033 2613 2993
0.103448 0.110659 0.087864 0.837909 2613 3288
0.271598 0.041833 -0.010908 0.966240 2621 2623
-0.050796 -0.133607 0.120225 0.986032 2622 4232
-0.004482 0.091069 0.084750 0.893258 2625 3834
0.048490 -0.088578 0.159017 0.991995 2627 3732
0.025034 0.028670 0.159709 0.942048 2642 3628
-0.135183 0.143902 0.051457 0.986154 2646 2970
0.029004 -0.095871 0.074775 0.928410 2646 3511
-0.034299 -0.180716 0.146570 0.939467 2653 3187
0.236290 -0.147411 0.106474 0.979652 2658 3426
0.172926 -0.067628 0.157535 0.862712 2658 3646
-0.028882 -0.030205 0.139945 0.991232 2658 4330
0.105747 -0.135587 0.049854 0.884581 2659 2799
0.073381 -0.208120 0.150172 0.871167 2660 3034
-0.192219 -0.020791 0.166357 0.942027 2667 3144
-0.072945 0.252168 -0.018900 0.992842 2674 3244
-0.135934 0.224623 0.098862 0.976681 2675 2811
0.012752 -0.114423 0.103921 0.889633 2680 3297
-0.056777 -0.122182 0.387636 0.983826 2680 3443
0.051000 -0.002319 0.147467 0.991886 2683 4090
-0.060460 0.115174 0.119044 0.992952 2694 3464
-0.107908 -0.068202 0.096165 0.991239 2694 3574
-0.111618 0.034667 0.047295 0.938329 2696 2837
-0.030631 0.209623 0.089613 0.957005 2697 2839
-0.144593 0.021775 0.146982 0.892372 2700 3134
-0.276795 0.171390 0.306265 0.966804 2704 3226
0.131776 -0.371643 0.188351 0.993974 2708 2903
-0.075246 -0.068321 0.119304 0.979836 2713 3153
0.067114 -0.017295 0.076417 0.841903 2714 3156
0.173055 -0.094360 0.125401 0.982339 2726 3119
0.104172 -0.057647 0.205562 0.939814 2737 3580
0.132176 -0.009276 0.067498 0.986867 2742 3910
0.455207 0.221082 0.195967 0.973068 2748 2858
-0.045277 0.108460 -0.067875 0.901664 2754 2803
0.152083 -0.188931 0.019274 0.963030 2754 3286
-0.048905 0.123927 0.123937 0.946795 2759 3545
0.095723 -0.063264 0.046139 0.937145 2761 2948
-0.189074 0.128549 0.044525 0.986653 2762 3046
0.167668 -0.078224 0.015699 0.947083 2766 2956
-0.089992 -0.100333 0.090854 0.914432 2783 3413
-0.058602 0.049887 0.140048 0.793750 2788 3581
0.095255 -0.018584 0.013286 0.945951 2796 3277
0.027876 0.285655 0.026236 0.983689 2801 2907
-0.068310 0.020340 -0.006961 0.814091 2810 3152
0.198049 -0.020982 -0.007759 0.990100 2810 3292
0.126709 -0.137696 0.024164 0.788241 2810 3717
-0.174230 -0.194905 0.026531 0.850416 2810 3826
-0.042418 -0.103407 0.020397 0.803626 2810 4231
0.207816 0.038435 0.168480 0.776004 2810 4401
-0.001310 -0.013388 0.082197 0.868554 2810 5616
0.034894 -0.129738 0.261745 0.980239 2817 3441
0.073258 0.185209 0.352341 0.911791 2822 3200
-0.166542 -0.200855 0.345192 0.984948 2823 3941
0.097343 0.086083 -0.056433 0.819640 2826 3204
0.179907 -0.017080 0.059614 0.976405 2826 3455
0.055441 -0.121091 0.053799 0.892844 2830 3122
0.015842 -0.065998 0.114789 0.943619 2837 4846
0.102873 -0.069439 0.127785 0.947195 2842 3635
-0.164645 -0.075506 0.162427 0.992137 2856 3331
-0.067731 -0.104249 0.163604 0.840892 2856 3648
-0.119444 -0.121461 0.011358 0.714500 2856 3868
0.270783 -0.382828 0.027403 0.985235 2858 2904
0.097148 0.139646 0.153174 0.874831 2859 3090
0.016331 -0.174904 0.128722 0.998161 2864 3385
-0.133680 -0.204599 -0.047655 0.670820 2884 3062
-0.056853 -0.119951 0.070681 0.976169 2885 3454
0.125642 0.363218 0.231166 0.978553 2887 3206
0.023862 -0.156963 0.153843 0.920643 2894 3367
-0.196332 -0.117196 0.139581 0.854771 2902 3031
-0.184843 -0.026777 0.226421 0.994686 2907 3278
0.011194 -0.130539 0.120961 0.947576 2911 3663
-0.076807 0.009503 0.122661 0.956303 2912 4348
-0.156177 0.105828 0.052358 0.991079 2914 3105
0.051035 -0.114718 0.047169 0.976631 2914 3602
-0.025868 0.080248 0.085552 0.884988 2922 3985
0.108025 -0.188930 -0.002448 0.947714 2927 2928
-0.135317 0.044280 0.059524 0.942380 2927 3312
0.049856 0.059586 0.174916 0.675302 2930 3512
-0.263117 -0.065305 0.180066 0.988544 2944 3427
-0.052824 -0.086292 0.140728 0.917533 2952 3771
0.081520 0.316792 0.175440 0.979675 2956 3446
0.174310 -0.341774 0.158503 0.756088 2972 3796
-0.070063 0.101277 0.174038 0.990618 2977 3902
-0.249310 0.240411 0.058315 0.839107 2982 3183
0.097441 -0.041458 0.165603 0.889980 2983 3957
0.068569 0.187957 0.130691 0.593324 2985 3136
-0.042769 0.179112 0.110996 0.992558 2993 3288
0.213445 0.282673 0.174698 0.953705 2993 3386
0.099196 -0.248330 0.124287 0.910393 2999 3194
0.169223 -0.104566 0.049163 0.910148 3005 3197
0.016424 -0.016916 0.118093 0.989128 3006 4285
0.054255 -0.124068 0.095158 0.989388 3014 3504
-0.026064 0.067437 0.068995 0.961799 3020 4309
-0.036526 0.057824 0.031695 0.943540 3021 4042
-0.069985 -0.075675 0.156733 0.968393 3035 4171
-0.158884 0.028135 -0.027888 0.974968 3037 3478
0.188698 -0.064291 0.170522 0.990519 3037 3542
0.008111 -0.258535 0.151344 0.973040 3039 3651
-0.105294 0.015557 0.113652 0.969787 3054 4023
-0.167424 0.042911 0.210976 0.974277 3062 3681
0.172437 -0.046436 0.203437 0.991069 3062 3787
-0.016393 -0.166516 0.139702 0.936118 3064 3839
-0.107313 -0.145492 0.127081 0.960376 3070 3571
0.159922 0.060583 -0.003798 0.561837 3082 3132
-0.195447 0.027997 0.030654 0.960611 3082 4431
-0.082619 -0.029596 0.126623 0.956743 3094 4488
-0.144156 0.057264 0.172293 0.987519 3106 3772
-0.019572 -0.151989 0.130823 0.913431 3111 3400
-0.101298 0.068506 0.165400 0.991630 3116 4193
0.188548 0.054312 0.057286 0.918986 3135 3138
-0.214846 0.071554 0.211720 0.985213 3137 3272
0.034136 -0.285337 0.055943 0.985987 3142 3381
-0.145555 -0.092466 0.050642 0.789458 3151 3385
-0.147194 -0.227158 -0.030973 0.743791 3153 3484
0.029855 -0.009276 0.259201 0.961640 3153 4443
-0.064284 0.028013 -0.007790 0.910859 3156 3768
-0.087065 0.057281 -0.028782 0.595861 3156 3770
-0.269006 0.202028 0.168716 0.890839 3156 4619
0.099127 0.031539 0.230919 0.904642 3156 5282
-0.052609 -0.043863 0.082680 0.956650 3156 5661
0.039603 0.042921 0.159857 0.897707 3160 4137
-0.165793 -0.207742 0.282669 0.952850 3161 3674
-0.191018 0.239721 0.141080 0.785514 3170 3261
-0.005529 0.162769 0.149907 0.908881 3170 3686
0.177869 0.253724 0.041760 0.950485 3175 3362
-0.027348 0.225873 0.110232 0.908181 3176 4207
0.111898 0.222236 0.255511 0.970926 3176 4586
0.059615 -0.135483 0.147004 0.968606 3176 4731
-0.039455 -0.023768 0.076859 0.814357 3176 5031
0.063002 0.330596 0.036856 0.994804 3183 3321
0.034647 -0.052128 0.175146 0.845010 3187 3910
0.029830 -0.395063 0.339102 0.867554 3190 3532
-0.131322 -0.032158 0.243964 0.897367 3200 3670
-0.019693 0.082892 0.125500 0.826695 3209 4315
-0.063857 -0.041433 0.206871 0.872399 3221 4165
-0.013779 -0.050941 0.066241 0.978904 3236 4489
-0.033987 -0.004928 0.112922 0.889564 3241 4923
0.244036 0.269504 0.301255 0.800169 3261 3686
0.027957 -0.074958 0.018417 0.934011 3264 4042
-0.009221 -0.083482 0.053125 0.996142 3265 4315
-0.076590 0.059386 0.114839 0.686983 3272 4106
-0.094732 -0.210062 0.038005 0.965571 3274 3375
0.308856 -0.202430 -0.143730 0.928034 3288 3386
-0.269910 -0.041406 0.039050 0.922349 3292 3717
0.012196 -0.116528 0.116541 0.930081 3292 4128
-0.132624 -0.002330 0.184241 0.992702 3310 3989
0.065724 -0.000323 0.246691 0.888053 3310 4153
-0.068073 0.064720 0.072451 0.954197 3314 4471
-0.065411 -0.078058 0.128320 0.989341 3316 4637
-0.211718 0.097953 0.186341 0.980489 3331 3812
0.092520 -0.187878 -0.045979 0.729078 3331 3868
0.002738 0.004919 0.168712 0.958569 3333 4486
0.258311 -0.126417 0.189974 0.997363 3339 3877
0.007213 -0.104291 0.099571 0.977711 3358 4724
-0.034369 -0.097682 0.181496 0.982580 3360 4360
0.025903 -0.050959 0.179078 0.976082 3362 3850
0.170283 0.248443 0.196977 0.968080 3365 3575
-0.125603 -0.070223 0.081552 0.999548 3369 4323
0.101469 -0.037659 0.091806 0.900396 3379 4170
0.076530 -0.242008 0.083882 0.978070 3382 3761
0.138528 -0.152245 0.460592 0.931483 3395 4931
0.126430 -0.206099 0.073135 0.944579 3397 3556
-0.044440 0.118585 0.183683 0.975825 3397 4133
-0.097077 -0.126708 0.095283 0.985316 3399 3836
0.018610 -0.208195 0.193032 0.798477 3404 3940
-0.156967 0.015802 0.152144 0.984790 3411 3460
0.072405 -0.015421 -0.004945 0.737460 3413 4317
-0.055839 -0.012897 0.115525 0.970762 3413 5416
0.081073 -0.033533 0.184723 0.873686 3423 4057
-0.160527 -0.072495 0.159864 0.998212 3429 4061
0.046568 -0.152109 0.245955 0.958106 3438 4075
0.109385 -0.159406 0.001989 0.978637 3445 3734
-0.275393 -0.318493 0.099998 0.922519 3452 3612
-0.050223 -0.189246 0.096542 0.975699 3456 3843
-0.203625 0.604140 0.034556 0.960727 3458 3459
0.162973 -0.119514 0.121392 0.988338 3460 5802
-0.081575 0.032924 0.058784 0.847044 3464 4315
-0.100771 -0.114553 0.097841 0.966757 3486 3880
-0.146057 -0.476337 0.172538 0.985588 3491 4023
0.043000 0.002254 0.096063 0.910471 3503 5513
0.455477 0.258026 -0.157551 0.991194 3521 3523
0.155338 -0.335878 0.296653 0.979583 3532 3915
-0.056839 0.098338 0.261772 0.937939 3536 3916
0.139003 -0.146739 0.113307 0.973220 3536 4112
0.066071 0.049749 0.120706 0.987778 3543 4226
-0.064778 -0.011248 0.116140 0.991027 3548 4657
0.127905 -0.121605 -0.017542 0.955634 3558 3735
0.262253 0.339652 0.134918 0.949530 3563 3680
0.156831 -0.174762 0.239621 0.996248 3564 4459
0.190866 -0.160336 -0.026890 0.996930 3567 3618
-0.119831 0.054181 0.010404 0.859471 3570 3985
0.214795 -0.023815 0.118887 0.989128 3571 4369
0.024396 0.384027 -0.105049 0.892162 3573 3632
-0.033922 -0.207244 0.012922 0.997443 3574 3797
-0.098259 0.014588 0.080163 0.672667 3586 4858
0.056099 -0.063355 0.066854 0.852352 3586 5202
-0.120375 -0.553742 0.346857 0.923305 3604 3776
0.050358 0.047518 0.337685 0.815641 3607 4086
0.045082 -0.173739 0.033073 0.749467 3617 3985
0.101521 -0.218983 0.021886 0.978589 3619 3620
-0.149140 0.092136 0.117648 0.980231 3623 3987
0.139638 -0.011012 0.111041 0.923888 3631 4779
0.107940 -0.226320 0.154469 0.987233 3656 4227
0.036662 -0.188152 0.112999 0.995694 3660 3928
-0.054222 0.064893 0.121262 0.670517 3665 4349
-0.058706 -0.072871 0.218450 0.978080 3666 4564
0.129674 -0.145464 0.143400 0.931720 3670 4138
-0.172720 -0.245078 0.190134 0.901156 3672 3889
-0.211171 0.042106 0.132064 0.996681 3673 4508
0.095721 -0.202745 0.206754 0.898313 3674 4241
-0.031384 0.023694 0.169060 0.971413 3680 4984
0.212337 -0.096182 0.036712 0.943046 3686 4248
0.142729 -0.069169 0.166109 0.993027 3691 4039
-0.079876 -0.097265 0.079275 0.939123 3701 4479
-0.127675 0.159471 0.050506 0.981835 3707 3866
-0.096704 -0.164157 0.105961 0.997203 3707 4008
0.009728 -0.140641 0.064607 0.982563 3710 4870
0.019522 -0.068085 0.142920 0.961797 3714 4659
-0.079738 0.025528 0.203007 0.995910 3719 4663
0.159888 -0.055975 -0.049841 0.753103 3728 4134
0.034120 0.075057 0.109687 0.967252 3728 5564
0.168040 -0.237229 0.153506 0.902681 3729 3935
-0.101388 -0.150747 0.135348 0.998637 3730 4284
0.054688 0.099239 0.076922 0.976906 3732 4290
-0.110828 0.287564 0.079234 0.924839 3737 3838
-0.122726 -0.113251 0.227937 0.945352 3743 4471
0.038178 -0.009991 0.200696 0.970634 3750 4736
-0.007129 -0.292759 0.041017 0.970015 3754 3860
-0.110042 -0.443011 0.010222 0.883794 3756 3807
-0.040641 0.094475 0.147876 0.753585 3763 3962
0.159799 -0.105175 -0.017531 0.958113 3768 3770
-0.172368 0.015253 0.033740 0.982211 3772 4185
0.091682 0.065936 0.078612 0.983019 3772 4820
-0.072337 -0.129665 0.050944 0.988136 3786 4198
-0.011012 0.217344 0.129336 0.981831 3786 4297
-0.032883 0.136696 0.009869 0.989729 3788 3944
-0.076391 0.103144 0.109908 0.950291 3789 4630
0.023380 -0.075533 0.143660 0.983205 3789 5081
-0.103372 0.172022 0.095996 0.989779 3791 4466
-0.061231 0.001788 0.086346 0.998867 3791 5460
-0.103315 0.071742 0.143202 0.844583 3793 4364
-0.169120 -0.165328 0.133139 0.965661 3799 4642
0.179464 -0.135121 0.068860 0.950588 3801 3904
-0.089530 0.008252 0.329619 0.983362 3801 4162
0.293333 -0.154146 0.178345 0.878937 3822 4072
-0.060041 -0.054625 0.071331 0.918320 3834 5016
0.181285 -0.178985 0.219910 0.963948 3841 4152
-0.073242 -0.169475 0.218659 0.978261 3849 4310
0.109352 0.234266 0.060340 0.830349 3855 4211
0.037764 -0.109318 0.085461 0.996588 3857 4851
0.460885 0.330499 0.008427 0.940631 3861 4104
-0.138130 0.061024 0.052876 0.998832 3868 4435
0.129864 0.028098 0.035834 0.907474 3868 5163
-0.060397 -0.039452 0.163639 0.967323 3872 5388
0.016124 0.036181 0.119403 0.999532 3879 5274
0.011765 0.014827 0.112945 0.991164 3880 6644
-0.025759 0.154346 0.065416 0.949669 3887 5403
0.081910 -0.034491 0.102554 0.875668 3887 5968
0.037008 0.004732 0.008804 0.142433 3889 3982
-0.017106 0.086799 0.165113 0.854224 3889 4290
0.091739 -0.109669 0.069665 0.990593 3900 4475
-0.171802 -0.072437 0.225506 0.997944 3902 4528
-0.034352 0.026203 0.138163 0.992177 3905 5323
-0.099962 0.154571 0.229718 0.986832 3912 4383
0.042028 0.015834 0.240654 0.998194 3914 5596
-0.132861 -0.023602 0.058502 0.934494 3915 4432
-0.283769 0.041831 -0.083452 0.862855 3916 4173
-0.041293 -0.213965 0.188365 0.977853 3919 4336
-0.096311 0.087850 0.104126 0.975435 3922 4804
-0.218822 0.319067 0.342084 0.951357 3923 4177
0.056498 -0.521290 0.187320 0.929811 3924 4014
-0.106291 0.065012 0.123485 0.934572 3925 4961
-0.099692 0.015630 0.072468 0.950752 3928 4811
0.023660 -0.108800 0.093264 0.965867 3928 4923
0.101250 -0.085157 0.104194 0.898166 3933 4625
0.061029 0.122488 0.041710 0.969954 3934 4134
-0.091988 -0.141962 0.119471 0.981606 3940 4765
-0.197066 0.097651 0.215729 0.827053 3943 4516
-0.124053 0.089863 0.145394 0.948390 3945 4677
-0.088000 -0.085200 0.191538 0.951833 3957 4742
-0.067615 -0.091307 0.123220 0.796217 3959 4651
-0.222135 -0.060093 0.071528 0.674113 3961 4222
0.006867 -0.011318 0.192492 0.831447 3968 4657
-0.195218 0.068179 0.043848 0.913111 3969 4124
-0.068099 0.168783 0.086856 0.948546 3975 4404
0.144448 0.321093 0.047164 0.954675 3982 4086
0.054943 -0.044504 0.152666 0.914658 3985 4990
-0.017231 0.151898 0.064150 0.991656 3999 4157
0.036159 0.075014 0.181135 0.812612 4013 4489
-0.054666 0.106987 0.211324 0.962350 4023 4880
-0.077134 0.090039 0.201561 0.849748 4024 4351
-0.310508 0.097524 0.101670 0.983322 4026 4405
-0.091938 0.091533 0.005240 0.992642 4031 4242
0.141192 -0.031510 0.094114 0.967466 4036 4677
0.000183 -0.155274 0.045197 0.989702 4038 4842
-0.180234 0.189455 0.104674 0.943347 4039 4525
-0.032108 -0.032667 0.146874 0.862462 4039 4777
0.085951 -0.051252 0.019575 0.925475 4042 4204
-0.078371 0.041325 -0.001800 0.868668 4042 4470
0.106813 -0.017550 0.078964 0.979582 4042 5030
0.061730 0.092637 0.151518 0.943913 4042 5689
-0.150077 0.072553 0.074746 0.983119 4069 4554
0.000302 -0.184379 0.226220 0.903213 4071 4396
0.200420 0.103003 0.142643 0.974813 4073 4704
0.136421 0.001393 0.162479 0.993032 4074 5115
0.228514 -0.160527 0.193666 0.973144 4076 4349
0.055401 -0.213957 0.011764 0.871274 4102 4377
0.087226 0.110402 0.051752 0.969917 4102 4646
-0.235019 0.174291 0.173124 0.871130 4104 4165
-0.077979 -0.190137 0.048128 0.973205 4105 4257
-0.161658 0.104559 0.119655 0.893613 4108 4254
-0.259550 -0.079258 0.105141 0.892833 4109 4383
0.112517 -0.094687 0.073335 0.963698 4111 4608
-0.133845 -0.292805 0.251937 0.970904 4112 4696
-0.077521 0.043422 -0.001884 0.979067 4115 4488
0.120767 -0.068076 0.082258 0.978844 4119 4617
-0.100811 -0.150239 0.244511 0.860698 4120 4494
0.037510 -0.025533 0.116887 0.993077 4122 5485
0.152196 0.221412 0.124014 0.966250 4127 4564
-0.053316 0.132735 0.096421 0.969321 4130 5221
0.031772 -0.054498 0.102597 0.922424 4135 5449
-0.062152 0.075566 0.228299 0.990566 4139 5229
0.147096 -0.120410 0.104336 0.979553 4146 4887
-0.028926 -0.130434 -0.049216 0.860746 4154 4468
-0.170198 0.193956 0.213027 0.995676 4162 4953
0.075031 0.113018 0.068528 0.756357 4164 4479
-0.101007 0.111966 0.058058 0.947027 4164 4594
-0.048683 -0.125529 0.074149 0.923854 4167 4600
0.000882 0.052079 0.122167 0.770410 4171 5604
-0.040726 -0.012994 0.103112 0.997359 4180 6058
-0.084433 0.045270 0.095667 0.997147 4184 5615
-0.110105 -0.040472 0.119619 0.918367 4189 4624
-0.079500 -0.026734 0.106086 0.968436 4190 5449
0.054512 -0.133097 -0.029367 0.818763 4197 4516
-0.331543 0.110651 0.358897 0.963292 4202 4946
0.048021 -0.100583 0.047270 0.968666 4204 5089
0.262528 0.021411 0.144858 0.992398 4208 4732
-0.107676 0.261290 0.015357 0.751811 4209 4373
0.197590 0.050126 0.117155 0.999642 4211 4734
-0.039621 -0.307218 0.090128 0.997945 4214 4645
0.070044 -0.159813 0.057947 0.991174 4221 4749
0.017161 0.079727 0.163167 0.951860 4222 5390
-0.004731 -0.085642 0.053998 0.907098 4226 6312
-0.121235 0.055563 0.112020 0.972320 4227 5053
-0.205256 0.088502 0.322593 0.991287 4230 5115
-0.031354 -0.015966 0.156317 0.902593 4234 4820
-0.110599 0.093701 0.063372 0.984999 4237 4971
0.138560 -0.071568 0.093455 0.979260 4237 4978
0.106876 -0.080743 0.222359 0.973648 4249 5140
-0.042129 0.140910 0.176390 0.985216 4249 5308
0.052512 -0.056043 -0.037318 0.992961 4251 4421
-0.149168 0.235805 0.076875 0.978403 4251 5803
0.035078 -0.157678 0.195617 0.688766 4254 4255
0.063820 -0.103657 0.128086 0.947797 4258 5596
-0.073577 0.002888 0.185030 0.595824 4269 4654
0.068355 -0.090154 0.047703 0.947347 4272 5170
0.139697 -0.039124 -0.024223 0.968447 4276 4278
0.110695 -0.024468 0.166652 0.983108 4277 5117
0.053371 -0.077817 0.105098 0.993376 4281 6020
0.051761 -0.154441 -0.036683 0.988392 4295 4296
-0.313467 -0.032221 0.005266 0.990412 4311 4779
0.049584 -0.062019 0.021652 0.847842 4315 4844
-0.015062 -0.072792 0.080221 0.993593 4315 6401
0.094696 -0.012308 0.230029 0.959706 4328 4744
-0.075446 -0.078213 0.110409 0.923431 4333 4864
0.021184 0.048377 0.154058 0.827239 4337 5711
-0.073615 0.080979 0.064837 0.998206 4339 4915
-0.008280 -0.278016 0.146446 0.990264 4340 4612
0.015090 0.157437 0.080802 0.975602 4345 4659
-0.088734 -0.071322 0.144755 0.986674 4345 5114
-0.033276 -0.176764 0.085480 0.935670 4347 4756
-0.152384 0.093483 0.123289 0.986307 4348 5557
0.025084 -0.176321 0.064995 0.869252 4349 4928
0.088768 -0.234605 0.178544 0.952880 4349 5446
-0.079081 -0.054775 0.124037 0.933278 4349 5662
-0.091168 0.127374 0.051647 0.911011 4351 4761
-0.046131 -0.040359 0.078996 0.595515 4351 5666
-0.029975 -0.010476 0.126628 0.912986 4355 5783
-0.125393 -0.139914 -0.014635 0.979621 4361 4464
-0.082973 -0.158113 0.083526 0.952449 4363 4578
0.256620 0.040492 -0.091189 0.931456 4364 4467
0.082666 0.075267 0.095147 0.891907 4364 5408
0.047854 -0.147109 0.066332 0.937693 4366 4837
0.048029 -0.189711 0.178746 0.958217 4368 4896
-0.082235 -0.009979 0.127003 0.965328 4378 5755
0.030295 -0.137063 0.219283 0.992075 4392 5213
0.233221 0.002980 0.097101 0.998272 4405 4825
-0.243512 0.249625 0.062723 0.993242 4407 4718
-0.151460 0.040618 0.365154 0.882782 4420 4904
-0.035794 -0.103061 0.077122 0.998838 4421 5314
-0.090859 -0.062570 0.033183 0.817747 4439 4862
0.077867 -0.118699 0.059546 0.973721 4439 6004
-0.072899 -0.052117 0.311006 0.751874 4442 4874
0.164474 0.058501 0.038029 0.895826 4448 4500
0.122004 -0.127544 0.038910 0.894686 4452 5019
-0.113460 -0.074106 0.081210 0.996935 4460 5234
-0.039473 0.074559 0.027752 0.921163 4461 5238
-0.081984 -0.089862 0.135118 0.807521 4462 4890
-0.029804 -0.092670 0.066709 0.974253 4480 4800
0.101023 -0.143068 0.009707 0.989068 4482 4863
-0.085130 0.078538 0.243817 0.967629 4482 5157
-0.075753 -0.138807 0.137228 0.993328 4488 5480
0.044380 0.042228 0.065372 0.871814 4488 6155
-0.110015 0.101500 0.079858 0.833799 4489 5007
0.064067 -0.006511 0.108908 0.936975 4489 6006
-0.167524 -0.356163 0.021812 0.980570 4503 4667
0.294411 -0.167863 0.212284 0.922857 4506 4713
-0.001862 -0.035382 0.157081 0.962946 4521 5516
-0.063121 0.014011 0.251722 0.928859 4525 5248
0.027936 0.052720 0.265894 0.952172 4532 5259
0.045808 0.106914 0.302072 0.908790 4533 5093
-0.019026 -0.108834 0.025666 0.984872 4548 4805
0.194263 0.037852 0.294318 0.986758 4550 5430
-0.395959 0.157983 0.041073 0.918597 4551 4868
0.186895 -0.192403 0.033314 0.946759 4551 4961
-0.237659 0.091680 0.077221 0.949467 4561 5116
0.107789 -0.193370 0.107725 0.970466 4564 4566
-0.131546 -0.203992 0.211007 0.935637 4570 5295
0.012846 -0.046747 0.077575 0.753675 4570 5783
-0.057853 -0.107309 0.118562 0.890471 4576 5079
-0.130590 -0.180314 -0.169868 0.532462 4578 4769
0.059808 0.135435 0.213247 0.862349 4595 4691
-0.054386 -0.073132 0.052228 0.989969 4606 5099
0.049874 -0.213513 -0.006573 0.876760 4614 4810
-0.048485 -0.054466 0.246024 0.981681 4614 5435
-0.085604 -0.171233 0.085715 0.992796 4626 4884
0.193285 -0.244950 -0.048426 0.554039 4641 4682
0.026798 0.161661 0.045956 0.971156 4642 5314
-0.163610 0.414502 -0.121932 0.991496 4643 4682
-0.209351 -0.051720 0.043913 0.899109 4648 4796
0.285889 -0.061949 0.148271 0.979571 4657 5658
0.000003 -0.073382 0.078538 0.900477 4657 6213
-0.057044 -0.254191 0.422662 0.869091 4663 5064
-0.068592 -0.108966 0.040854 0.836241 4673 5080
0.200824 -0.019742 0.064223 0.983155 4684 5259
0.027241 0.122295 0.107455 0.978652 4684 5695
0.020936 0.089449 0.101001 0.993364 4688 5700
0.065778 0.189779 0.345058 0.826629 4691 5262
0.024686 0.097390 0.263018 0.779955 4691 5758
0.055122 -0.205330 0.168866 0.813176 4691 5759
0.160950 -0.040758 0.204957 0.928636 4694 5600
-0.097661 -0.190162 0.138670 0.988012 4699 5164
-0.004619 -0.159274 -0.001746 0.983809 4708 4926
-0.022070 -0.092600 0.165446 0.989324 4710 5823
0.385906 0.443604 0.225725 0.883586 4718 4935
0.227526 -0.010077 0.226081 0.971105 4722 5234
-0.088696 0.049532 0.073481 0.809836 4724 4889
0.140861 0.351372 0.065266 0.953727 4726 4768
0.032873 -0.325227 0.030882 0.993952 4733 4734
-0.036367 -0.045110 0.168539 0.907773 4736 5697
0.078974 -0.214681 0.007289 0.907236 4745 5604
0.059539 -0.139833 0.041856 0.992697 4749 5390
-0.285357 0.026463 -0.054445 0.890829 4758 4968
0.075699 -0.121940 0.055408 0.895944 4759 5221
0.045366 -0.090446 0.192764 0.988509 4767 5679
0.001012 -0.107078 0.213228 0.962667 4770 5514
-0.196285 0.337416 0.097645 0.932346 4786 4998
0.147451 -0.253482 0.081665 0.963509 4793 5003
0.180594 -0.035006 -0.130154 0.863925 4794 5536
-0.179183 0.007680 -0.065314 0.905505 4804 4866
0.125610 0.004171 0.039906 0.893290 4804 6632
0.055836 -0.057696 0.090431 0.859908 4804 7557
-0.101954 0.047267 -0.045126 0.905837 4820 4928
0.122516 -0.094098 0.015332 0.982151 4820 6071
-0.172832 -0.134592 0.097009 0.986349 4824 5349
-0.007231 0.199599 0.060789 0.991166 4826 4979
0.181915 -0.343508 -0.004999 0.954316 4827 4828
-0.106839 0.047035 0.054084 0.976453 4842 5408
-0.061757 -0.028187 0.280839 0.951690 4854 6097
0.184652 0.046171 0.082694 0.987009 4855 5326
0.028804 -0.046168 0.094631 0.989053 4860 6728
0.131844 -0.013672 -0.021879 0.943190 4861 5477
-0.076013 -0.272616 0.050987 0.785897 4861 5908
-0.044690 0.004529 0.105260 0.561305 4861 5998
0.196714 -0.131003 0.051666 0.698876 4861 6000
-0.031743 0.027450 0.113666 0.990870 4861 7170
-0.071228 -0.182794 0.004045 0.915285 4862 5477
-0.077068 -0.153766 0.105557 0.968772 4863 5708
-0.183215 -0.043180 0.082949 0.920928 4864 5853
0.017961 -0.030047 0.169198 0.966310 4872 5914
-0.009709 -0.028352 0.159454 0.876313 4877 6067
0.120047 0.023596 0.114357 0.915262 4885 5567
-0.064351 0.065576 0.108641 0.976178 4885 6920
0.061787 -0.164126 0.110998 0.993791 4888 5073
-0.257515 0.144114 0.043291 0.953237 4889 5788
-0.318887 -0.047351 0.184643 0.890917 4889 6662
-0.018672 -0.077767 0.044086 0.772863 4889 6751
0.132560 -0.009035 -0.085846 0.558880 4890 5078
0.021711 -0.086330 -0.031542 0.589723 4890 5361
-0.126784 -0.095600 0.019216 0.876308 4890 5880
0.023182 -0.027111 0.086343 0.898798 4890 6668
0.016626 -0.021484 0.099256 0.889460 4900 6400
0.161703 0.068174 0.084072 0.993254 4915 5051
-0.047816 -0.161977 0.125510 0.973780 4915 6055
-0.065275 -0.027686 0.234632 0.990865 4915 6476
0.034505 -0.116958 0.143549 0.919642 4917 5433
0.128018 -0.216294 -0.105481 0.900048 4924 5119
0.004130 -0.094883 0.082926 0.902935 4926 5663
0.005141 0.122257 0.162153 0.596171 4928 5446
0.122928 0.041086 0.206689 0.966836 4933 5629
-0.305328 -0.045423 0.232097 0.991769 4947 5409
-0.044375 -0.009625 0.055009 0.999247 4961 7009
-0.182429 -0.149829 0.095014 0.975662 4962 5335
0.064858 -0.092390 0.076544 0.956175 4962 6058
-0.288654 0.115264 0.141108 0.963293 4967 5278
0.136199 -0.138521 0.000133 0.987777 4978 4979
-0.061471 -0.023049 0.121461 0.992408 4978 6269
0.029370 -0.267691 0.041951 0.995816 4981 5129
-0.133188 -0.143296 0.061166 0.997250 4987 5072
0.061276 -0.127768 0.268719 0.931482 4988 5576
-0.113928 -0.429141 0.134698 0.800150 4999 5037
-0.041808 0.141772 -0.045950 0.878054 5012 5114
-0.023959 -0.114509 0.091536 0.800819 5012 5489
0.080141 -0.043290 0.285312 0.974423 5012 5916
-0.064096 0.177310 -0.074761 0.980143 5015 5344
-0.062813 -0.093462 0.251492 0.995327 5016 6072
0.216376 0.096001 0.117912 0.998845 5021 5787
-0.003590 -0.219331 0.167601 0.909075 5023 5457
-0.213402 -0.047570 0.000260 0.968797 5025 5678
-0.236550 -0.248218 0.113569 0.976910 5025 5836
-0.085956 0.074875 0.215968 0.956650 5030 5749
-0.049536 0.069291 0.058759 0.959929 5042 5099
0.052698 -0.158374 0.104073 0.998857 5049 5391
0.123262 -0.085466 0.106306 0.912122 5050 5716
0.030313 -0.094192 0.079191 0.810086 5051 5547
-0.083390 0.033056 0.026800 0.993402 5052 5212
0.066274 -0.066066 0.068633 0.933653 5058 5341
-0.150041 0.025737 0.051959 0.966136 5060 5442
0.294136 -0.125207 0.029818 0.917535 5062 5221
-0.148190 -0.098802 0.176113 0.997410 5062 5776
0.035458 0.151670 0.102344 0.910097 5074 5512
0.046910 -0.141084 0.016687 0.994162 5076 5460
-0.013411 0.031533 0.197903 0.911373 5076 5881
0.062162 -0.207313 0.162970 0.987850 5077 6278
0.006388 -0.376361 0.201519 0.990211 5078 5361
-0.104459 0.166058 0.019282 0.635027 5085 5140
0.057894 -0.081305 0.046793 0.980738 5086 5145
0.089245 -0.085481 0.135513 0.968863 5095 6097
-0.161194 0.131915 0.285934 0.998102 5097 5534
0.113893 0.015337 -0.052928 0.855018 5099 5707
0.053518 -0.062284 0.051758 0.921911 5102 7171
-0.089361 0.025516 0.209459 0.948916 5106 6004
0.127313 -0.029048 0.050994 0.895636 5110 5860
-0.265414 0.269931 0.262838 0.978713 5112 5438
-0.088834 0.203294 0.132984 0.956596 5114 5657
-0.100420 -0.127734 0.179775 0.957338 5123 5922
-0.253413 -0.382872 0.053281 0.993871 5135 5365
-0.112112 0.161848 0.205282 0.952567 5135 5636
-0.162518 0.032646 0.080409 0.944409 5136 5741
0.213111 0.533216 0.131933 0.911063 5137 5247
-0.145479 0.255618 0.089445 0.978120 5140 5308
0.110060 -0.467485 0.203217 0.993062 5141 5309
0.090389 -0.064134 -0.023874 0.999490 5145 5378
0.234820 0.061929 0.029634 0.972760 5145 5751
-0.117353 -0.093632 -0.095270 0.912175 5145 5805
0.220674 0.050152 0.001897 0.977689 5160 5389
-0.137993 -0.047470 0.018263 0.960333 5160 5599
-0.032852 -0.251503 -0.227576 0.997881 5160 5601
-0.057917 -0.023824 0.113427 0.954557 5170 6635
0.018416 -0.121941 0.128196 0.481099 5178 5292
-0.106229 -0.134081 -0.101578 0.658458 5184 5576
-0.161117 0.053345 0.073061 0.944960 5184 5834
0.098969 -0.225769 -0.008842 0.922809 5188 5245
-0.103637 0.307847 0.017260 0.917096 5193 5466
0.347677 0.096042 0.075645 0.989259 5193 5588
-0.044770 -0.197249 0.024021 0.991338 5202 5329
0.154539 -0.004175 0.131236 0.880844 5208 5767
-0.000377 -0.150788 0.107890 0.947618 5211 6252
-0.030381 0.184169 0.043172 0.852052 5215 6112
-0.079877 -0.025116 0.048434 0.964398 5221 5776
-0.048434 -0.162890 0.171068 0.952174 5223 5873
-0.045457 -0.048115 0.128353 0.922891 5229 6270
0.091274 -0.193903 0.085772 0.974842 5239 5740
0.132087 -0.137024 -0.010109 0.961527 5240 5358
-0.002452 -0.305841 0.047982 0.513298 5262 5758
0.017435 -0.128662 0.037253 0.991886 5268 5999
-0.090100 -0.001732 0.124376 0.946601 5268 6202
0.158097 0.013323 0.086724 0.876822 5274 5717
-0.102259 0.061203 0.092239 0.925506 5274 6006
-0.136316 0.165395 0.179570 0.944734 5276 6009
0.072303 0.012968 0.102734 0.563078 5280 6876
-0.075259 0.010322 0.065762 0.929311 5280 7514
0.066177 -0.085037 0.278335 0.970635 5285 5923
0.375666 0.019496 0.162977 0.928248 5293 5404
0.091646 -0.118755 -0.018818 0.994476 5294 5299
0.153984 -0.022898 0.143317 0.722856 5295 5783
0.138933 -0.031515 0.442499 0.917046 5296 5782
0.011943 -0.095377 0.074069 0.933309 5297 6081
0.014274 0.043920 0.094452 0.986077 5297 7024
0.354240 -0.267412 -0.096451 0.869995 5302 5303
0.077922 -0.140540 -0.057397 0.767694 5306 5362
0.135352 0.081643 0.097280 0.998461 5306 5680
-0.123695 -0.097605 -0.107384 0.859796 5306 5838
-0.117288 -0.171862 -0.015825 0.446576 5306 6277
0.179752 -0.093365 0.133618 0.815121 5306 6711
0.025777 0.063548 0.099207 0.926511 5306 7072
-0.031743 0.073813 0.245310 0.999260 5313 6143
-0.027820 0.111444 0.109951 0.871285 5341 6262
0.027725 -0.077922 0.012449 0.890355 5341 6373
-0.133634 0.008917 0.179946 0.925695 5345 6019
-0.119164 0.161937 0.035165 0.975752 5359 5837
0.075205 -0.126600 0.069278 0.995304 5364 5978
-0.045913 -0.136358 0.093163 0.958149 5367 5887
-0.210627 -0.015857 0.258591 0.962366 5373 5841
-0.187739 0.297559 0.067790 0.806492 5375 5589
-0.081682 0.203353 0.192809 0.831912 5376 5414
-0.193400 -0.034610 0.113454 0.850399 5377 6038
-0.020558 0.013179 0.122216 0.965470 5383 6999
0.016858 -0.137144 0.087825 0.972408 5385 5907
-0.049653 -0.069998 0.086778 0.963278 5388 6578
-0.065667 0.030607 0.053301 0.999153 5388 6630
0.088948 -0.142743 0.110061 0.973485 5402 5826
0.056606 -0.138619 0.052278 0.986409 5411 5981
-0.073099 -0.061080 0.138798 0.827333 5411 6448
0.050507 -0.040857 0.138989 0.953523 5416 6403
0.104026 -0.134183 0.002467 0.978782 5440 5489
-0.136450 0.024797 0.063512 0.873997 5441 5485
0.109658 -0.109998 0.060576 0.969802 5447 5669
0.008389 0.146394 0.077282 0.979027 5455 6129
-0.297270 0.186282 0.071518 0.991832 5479 5600
-0.068804 0.125906 0.105317 0.862332 5484 6486
-0.067644 0.102324 0.013619 0.909518 5485 6213
0.058987 -0.088843 0.059944 0.693023 5485 6261
-0.113238 0.125874 0.178086 0.954178 5485 7139
0.080414 -0.096592 0.024419 0.883154 5489 6067
-0.069726 -0.085645 0.175003 0.947253 5498 6431
-0.015676 -0.135294 0.012390 0.924230 5512 6390
0.148140 -0.200210 0.415329 0.940650 5518 5892
0.009773 -0.128794 0.225587 0.964882 5524 6040
-0.028856 0.109622 0.120641 0.939329 5531 6465
0.088917 -0.048108 0.173606 0.998230 5542 6950
0.046226 -0.118571 0.080163 0.855273 5550 6644
-0.039674 0.033164 0.134555 0.513359 5558 5919
0.017630 -0.138868 0.055981 0.946240 5565 5929
0.063143 0.266505 0.055468 0.990597 5567 5732
0.277503 -0.236228 0.093544 0.752354 5572 5631
0.224255 0.007576 0.060359 0.957149 5581 5888
-0.232248 0.034254 0.125279 0.987280 5585 5940
-0.005266 -0.078573 0.120000 0.986817 5596 7215
-0.137673 -0.169219 0.080927 0.932721 5597 5997
-0.120578 -0.100875 0.052643 0.950204 5598 6300
-0.086346 -0.133368 0.108716 0.910244 5604 6768
-0.014069 -0.112927 0.084819 0.976583 5606 6474
-0.124085 -0.088370 0.235675 0.930840 5607 6361
0.033124 -0.145032 0.079291 0.959817 5608 6112
-0.198148 -0.348311 0.105482 0.919570 5609 5957
0.037789 -0.304527 0.065369 0.976754 5625 5825
-0.129534 0.062015 0.142338 0.990756 5632 6706
-0.053250 0.170047 0.063413 0.961349 5637 5681
-0.028733 0.001044 0.240457 0.933390 5637 6333
-0.243574 0.136209 0.471736 0.955596 5651 6103
0.086114 -0.086099 0.141842 0.913748 5662 6592
0.128872 -0.093977 0.123181 0.961687 5681 6333
0.149141 0.150680 0.105707 0.995093 5681 6445
0.211986 -0.171940 0.027112 0.978037 5682 5793
-0.058040 -0.103201 0.077742 0.931965 5691 7544
-0.033027 -0.136935 0.113725 0.929045 5704 6051
-0.020891 -0.108098 0.051999 0.956371 5712 7009
0.019716 -0.175001 0.090774 0.923805 5717 6586
0.242826 -0.082382 0.124255 0.939731 5718 6062
-0.096541 0.174331 0.051343 0.965216 5724 5963
-0.033132 -0.145359 0.182227 0.985139 5724 6382
0.169539 -0.200141 0.346957 0.844199 5726 6075
0.097625 -0.185784 0.030075 0.972387 5729 5928
-0.047686 -0.318744 0.060841 0.864409 5733 5784
0.117946 -0.044085 -0.002473 0.724453 5741 6189
-0.048372 0.066217 0.046824 0.918693 5741 6929
0.061247 0.109923 0.092622 0.997873 5744 6613
-0.071706 0.206111 0.102350 0.952106 5753 6348
-0.170181 -0.259056 0.298517 0.951002 5762 6203
-0.291143 -0.117985 0.430049 0.968171 5770 5953
-0.037341 -0.126621 0.036423 0.971016 5775 5776
-0.028536 0.075058 -0.016965 0.837054 5776 6318
-0.253703 0.033228 -0.017006 0.950753 5776 6542
0.067105 -0.078063 0.051760 0.852233 5776 6914
-0.143236 0.029127 0.073560 0.906907 5776 7176
0.010297 0.101821 0.065045 0.908047 5776 7177
-0.070761 -0.020464 0.055611 0.998464 5776 7799
-0.002283 -0.199615 0.079542 0.957124 5782 6126
0.018485 -0.069391 0.029219 0.865697 5783 6179
-0.105846 -0.042489 0.090401 0.935010 5783 7021
-0.041511 -0.054214 0.157725 0.810147 5783 7235
0.092130 -0.047663 0.002111 0.923268 5787 5834
-0.039728 -0.047378 0.081436 0.991566 5787 7475
-0.056898 -0.069314 0.118137 0.997353 5791 6888
0.073008 0.145574 0.037845 0.870895 5795 6233
-0.264981 -0.064322 0.257606 0.983342 5797 6087
-0.000288 -0.044258 0.209573 0.504289 5804 6035
0.221001 0.135728 0.257414 0.989797 5819 6067
0.193955 -0.101673 0.059423 0.932186 5820 6014
0.014522 -0.118296 0.015478 0.982955 5823 6020
-0.006340 -0.121099 0.094347 0.954003 5839 6712
-0.004115 -0.075710 0.102013 0.872704 5847 6994
0.023639 0.099285 0.158271 0.950308 5852 6250
0.017244 0.164291 0.150948 0.976378 5854 6415
-0.167760 0.082629 0.295542 0.988396 5856 6206
-0.184760 0.057927 0.154561 0.990982 5858 6312
-0.145792 -0.010648 0.252629 0.975076 5863 6487
0.023384 -0.177241 0.065853 0.973063 5872 6070
-0.025054 -0.181615 0.035235 0.969320 5876 6173
0.058297 -0.118353 0.105739 0.895573 5878 6554
0.071372 0.019534 0.241653 0.989703 5881 6709
0.009927 0.056661 0.133709 0.818945 5890 6611
-0.051037 0.373280 -0.128025 0.911640 5908 5998
0.532134 0.151537 -0.216436 0.985384 5908 6000
0.118612 -0.155878 0.051801 0.969004 5913 6061
0.120082 -0.048788 0.119594 0.970542 5914 6640
-0.003244 -0.160949 0.118747 0.970044 5915 6736
-0.071491 0.042885 0.101991 0.990937 5917 7271
-0.049689 -0.104345 0.110057 0.942489 5925 7108
0.012045 -0.079899 0.053449 0.949356 5929 7024
0.011946 -0.160366 0.260112 0.976048 5951 6632
-0.026562 0.080229 0.515620 0.962725 5953 6421
-0.165197 -0.032767 0.046587 0.777726 5957 6692
0.115543 0.263949 0.228877 0.998971 5958 6214
-0.113207 0.097598 0.058864 0.995962 5977 6330
-0.117351 -0.067535 0.116569 0.969958 5984 6852
0.352741 -0.172261 -0.072234 0.921507 5998 6000
-0.025690 -0.068551 0.180215 0.934734 5998 7170
-0.115929 0.113983 0.147053 0.895299 6002 6729
0.160962 -0.086312 0.029733 0.788030 6010 6011
-0.164579 -0.079092 -0.051056 0.955359 6010 6112
0.223858 0.149717 0.016433 0.969097 6013 6588
0.048475 -0.097465 0.209884 0.930270 6016 6590
0.224186 -0.003668 0.141115 0.976383 6035 6038
0.129761 -0.131625 0.049146 0.784597 6038 6039
0.009286 0.070813 0.023257 0.828921 6038 6676
0.072324 0.039660 0.094149 0.993193 6054 7009
0.047516 0.153323 0.301356 0.999763 6055 6631
-0.063636 -0.109816 0.105289 0.994665 6058 7261
0.123048 -0.032935 0.007946 0.952641 6059 6213
0.096387 0.135899 0.147909 0.910181 6067 6264
0.115044 -0.061298 0.067754 0.985533 6067 7271
0.129629 0.169374 0.253146 0.972017 6077 6496
-0.051479 0.073415 0.144239 0.966264 6080 7065
-0.128493 -0.140514 0.037277 0.970374 6081 6842
0.010220 0.073283 0.028621 0.940246 6081 7024
0.004680 0.010451 0.113015 0.812628 6081 7433
-0.085243 -0.070619 0.191897 0.931301 6083 6749
0.030626 0.144744 0.176906 0.942842 6087 6612
-0.064726 0.122403 0.135703 0.965633 6090 6758
-0.247005 -0.342090 0.082355 0.953673 6095 6352
0.041883 -0.225733 0.017148 0.994403 6095 6353
0.010475 -0.467760 0.055869 0.838140 6100 6200
0.223046 -0.050269 0.263019 0.963914 6104 6902
0.080858 -0.192033 0.080306 0.946090 6108 6362
-0.037075 -0.093055 0.059183 0.960883 6112 7631
-0.046975 -0.068814 0.189697 0.916369 6120 6837
-0.045971 -0.137455 0.097072 0.738005 6130 6556
0.453400 0.129978 0.123342 0.968068 6138 6238
0.146930 -0.112873 -0.007667 0.950743 6139 6617
-0.124654 0.051278 0.114093 0.996009 6139 7036
0.082739 -0.346670 -0.002534 0.916661 6140 6400
-0.036456 0.105381 0.120619 0.931191 6141 7291
0.057313 0.174804 0.365745 0.992067 6145 7081
0.092779 -0.056030 0.043309 0.997349 6153 6689
-0.001124 0.019566 0.002957 0.208084 6155 6306
-0.019875 -0.080614 0.048419 0.634395 6155 6417
0.017000 -0.045472 0.047347 0.816459 6155 7622
-0.220182 -0.053256 0.090476 0.994403 6157 6826
-0.132189 -0.178761 0.185928 0.931930 6162 6645
-0.037122 0.206494 0.160642 0.969737 6167 6835
0.343992 -0.097113 0.231912 0.989172 6170 6432
0.001840 -0.130151 0.036105 0.956530 6179 6181
0.054274 -0.175784 0.375662 0.988602 6179 7334
0.142754 -0.102733 0.083065 0.896298 6191 6757
0.214440 -0.078375 0.090527 0.889731 6199 6810
0.123499 0.004788 0.106501 0.914468 6213 7139
-0.132245 0.101658 0.159185 0.992652 6220 6695
0.160551 0.150708 0.138407 0.986373 6221 6593
-0.036726 0.015086 0.130845 0.965795 6230 7394
-0.138963 -0.000148 0.155545 0.972824 6233 7337
0.092915 -0.055042 0.000303 0.978493 6237 6400
0.266161 0.034691 0.201133 0.997724 6245 6682
-0.170278 -0.154357 0.133821 0.977615 6249 6814
0.065798 -0.045847 0.348314 0.987235 6251 6899
0.025858 -0.151599 0.258079 0.867704 6252 6771
0.166036 0.497882 -0.089984 0.969380 6257 6313
-0.148341 -0.091556 0.130298 0.955102 6257 7052
0.005087 0.181589 0.358702 0.855385 6263 6540
0.177704 -0.128628 0.059748 0.997014 6267 6546
0.085439 0.137240 0.068550 0.996182 6272 6842
0.019460 -0.135016 0.089273 0.957383 6275 6704
-0.344615 -0.405785 0.134360 0.868671 6285 6515
-0.223981 -0.065663 0.048450 0.848055 6290 6400
0.100409 -0.352345 0.033955 0.976261 6298 6408
0.394382 0.082535 0.179397 0.973855 6300 6360
0.141456 -0.213990 0.105005 0.957453 6315 6486
0.149243 -0.004068 -0.009747 0.995762 6322 6500
-0.023716 -0.008031 0.120429 0.744918 6327 8114
0.022624 -0.105413 0.074135 0.975935 6341 7291
0.070221 -0.223869 0.210445 0.988036 6350 6941
0.284910 -0.248808 0.044398 0.953737 6352 6353
-0.036462 -0.144168 0.170467 0.925438 6359 6949
-0.031620 0.004387 0.131895 0.915066 6359 7781
0.085159 -0.454162 0.176289 0.946336 6369 6692
-0.014104 -0.025435 0.094796 0.679697 6388 6883
-0.079332 -0.032212 0.165421 0.938403 6398 7201
-0.007705 0.069365 0.085836 0.951093 6400 7821
-0.057724 -0.254573 0.213830 0.684416 6411 6820
0.050500 -0.040397 0.047192 0.556523 6417 7622
-0.087627 0.012565 0.274965 0.931482 6425 6773
-0.082271 -0.306376 0.042081 0.901256 6434 6653
-0.211987 0.054060 0.099996 0.978269 6436 6844
-0.041898 0.123775 0.245542 0.925180 6448 6984
-0.193266 0.231725 0.133896 0.943463 6451 7153
-0.116376 0.075132 0.186570 0.939685 6464 7086
0.288146 -0.222155 0.164892 0.988081 6470 6946
0.096644 -0.186078 0.036925 0.994049 6476 6631
-0.104687 0.114397 0.126941 0.997388 6479 7622
0.216230 -0.019557 0.250130 0.917785 6480 7052
-0.117363 0.028206 0.137824 0.870928 6487 7223
0.064108 -0.091690 0.098037 0.927465 6502 7475
0.034737 -0.132355 0.093734 0.946256 6508 7337
-0.153548 -0.115373 0.258480 0.939927 6515 6933
-0.205380 0.238589 0.138409 0.934796 6523 6723
-0.066212 -0.147396 0.119547 0.989074 6524 7162
-0.187110 0.169925 0.108447 0.909597 6533 7095
-0.078857 -0.030809 0.017306 0.754293 6535 7009
-0.151458 -0.003296 -0.059234 0.824234 6540 6783
0.112166 0.015671 0.009735 0.918578 6540 6831
-0.021877 -0.137977 0.097838 0.679181 6540 7798
0.034975 -0.120765 0.084614 0.840734 6540 8064
-0.158663 0.028826 0.079061 0.961941 6543 6961
-0.302467 0.021418 0.162832 0.931247 6544 6591
0.254423 -0.187048 0.150177 0.978930 6544 6787
-0.013475 -0.166539 0.108772 0.932271 6556 6883
0.222626 0.180570 0.169100 0.984659 6556 7435
0.157930 -0.070256 0.048334 0.970695 6581 6583
0.202466 -0.003641 0.148657 0.958449 6582 7011
-0.096823 0.068856 0.041311 0.988749 6603 7020
0.218218 0.233876 0.213764 0.972808 6615 6986
0.034548 -0.153176 0.046625 0.974062 6616 7153
0.172444 -0.224381 0.075072 0.848517 6649 6744
0.096797 -0.120172 0.088439 0.931766 6673 6756
0.164490 -0.109110 0.097110 0.987168 6679 7084
-0.278642 0.245065 0.108923 0.927308 6690 6771
-0.020317 0.274844 0.059301 0.967032 6695 6738
-0.253027 -0.165809 0.019134 0.869486 6698 6837
0.057496 -0.071411 0.165550 0.903537 6705 7529
-0.147111 -0.128083 0.097319 0.661210 6727 6948
0.057764 -0.147279 0.081462 0.852771 6727 7617
0.143022 -0.208643 0.065889 0.856425 6729 7308
0.344899 0.169918 0.324670 0.982499 6731 6905
0.195857 0.201307 0.124092 0.978714 6740 6915
0.022570 -0.044337 0.154533 0.995967 6745 7846
0.020389 0.154901 0.005066 0.950347 6746 6839
-0.026843 0.100474 0.085803 0.812750 6760 7824
-0.191055 0.053082 0.108656 0.926722 6785 7372
-0.233060 -0.080647 -0.005117 0.973573 6796 7902
0.365498 0.206541 -0.004196 0.961214 6803 7076
0.102935 -0.179650 0.087746 0.925830 6804 6934
0.150279 -0.326374 -0.004473 0.999633 6809 6811
-0.146086 -0.088088 0.191151 0.994774 6827 7621
-0.081709 -0.088276 0.099890 0.932941 6837 7522
-0.120291 -0.045176 0.247125 0.984114 6838 7646
-0.043176 0.228606 0.158626 0.979185 6840 7186
-0.389076 0.209433 0.086523 0.993712 6855 7038
0.169167 -0.220364 0.067112 0.821417 6857 7156
-0.185009 -0.081010 0.480433 0.947056 6862 7133
-0.011040 -0.118417 0.078693 0.970074 6868 7306
-0.164347 0.264706 -0.060126 0.975344 6871 6902
0.077819 0.160716 -0.053252 0.787110 6883 7435
0.038885 -0.091720 0.017795 0.878289 6883 7694
0.069931 -0.097347 0.120342 0.985595 6894 7602
0.015629 -0.096977 0.321752 0.987168 6905 7624
0.060169 -0.415715 0.066057 0.972368 6921 7023
-0.034366 0.294731 0.023827 0.981666 6929 6982
-0.036054 0.132286 0.070565 0.970280 6936 7294
0.002638 -0.111313 -0.002083 0.970174 6938 7081
-0.078432 -0.177723 0.301659 0.999523 6947 7305
-0.115106 -0.120730 0.005820 0.857526 6948 7551
0.043359 0.011252 0.020672 0.409863 6948 7617
-0.054278 -0.068015 0.040888 0.436362 6949 7781
-0.026400 0.071740 0.077934 0.821657 6955 7366
0.089972 -0.144402 0.080308 0.980744 6956 7422
-0.129220 0.026210 0.120587 0.997372 6967 7646
-0.167981 0.219117 0.397210 0.917159 6968 7280
-0.088328 -0.307549 0.056617 0.920918 6977 6978
-0.253791 0.064471 0.138988 0.970319 6984 7398
0.029012 -0.356732 0.039530 0.947652 6986 7037
0.248582 0.026320 0.357407 0.981755 6993 7349
0.046134 0.190238 0.015540 0.930664 6999 7044
0.097054 -0.142274 -0.024917 0.948881 7009 7010
0.038032 -0.212372 0.048089 0.978522 7010 7260
0.095113 -0.012877 0.284810 0.988174 7010 7836
0.002731 -0.084169 0.143764 0.962529 7011 8023
0.045203 -0.144477 0.098379 0.976994 7046 7608
-0.125025 -0.110892 0.104116 0.960728 7055 7420
-0.142155 0.122796 0.069787 0.958761 7060 7318
-0.096241 0.142133 -0.021346 0.994382 7064 7107
-0.084048 0.075175 0.070316 0.988375 7065 7279
-0.292890 -0.133199 0.071857 0.952408 7068 7473
0.130418 0.147716 0.083054 0.934823 7073 7589
-0.130785 -0.140018 0.163883 0.955013 7078 7596
0.117209 0.012632 0.050613 0.850066 7089 7781
0.176090 0.050607 0.182999 0.993826 7097 7420
-0.154372 0.133283 0.051226 0.979939 7100 7423
0.011712 0.171986 0.032591 0.997380 7103 7180
0.024936 -0.047303 0.148826 0.973810 7108 7950
-0.192252 0.123458 0.120857 0.985933 7120 7760
0.051394 0.097470 0.179050 0.990954 7122 7970
-0.020714 -0.164091 0.076706 0.964837 7124 7447
-0.038489 0.145748 0.132654 0.995819 7129 7666
-0.125379 0.121056 0.082884 0.979553 7138 7462
-0.085212 0.073237 0.090242 0.956749 7142 7745
-0.000438 -0.170615 0.012792 0.935073 7146 7479
-0.084649 0.118352 0.003579 0.987494 7153 7202
0.070539 -0.292058 0.038461 0.967539 7161 7403
0.015032 -0.108269 0.049635 0.958303 7172 7674
-0.159213 0.147397 0.192607 0.989255 7174 7624
0.012507 0.131445 0.045836 0.828004 7204 7447
-0.115959 -0.090813 0.162496 0.922120 7257 7980
-0.063061 0.282686 0.050751 0.972016 7260 7836
0.285131 0.015710 -0.021052 0.906837 7261 7421
0.009747 0.195239 0.046442 0.985853 7285 7579
0.010531 -0.134615 0.034858 0.986945 7298 7664
-0.077880 -0.145468 0.087860 0.911359 7316 7890
0.318626 0.193314 0.099793 0.931139 7327 7328
0.281290 0.205009 0.022723 0.999154 7333 7473
0.017167 0.136175 -0.000761 0.993256 7333 7688
-0.004478 0.070934 0.108552 0.289315 7352 7718
-0.006253 -0.128221 0.166655 0.911892 7382 7989
0.055430 -0.091961 0.189713 0.940401 7391 8073
0.199597 -0.129181 0.091435 0.970104 7392 7750
0.227543 -0.159504 0.016152 0.959847 7416 7883
-0.072428 -0.073155 0.138993 0.726329 7418 8134
0.143523 -0.046756 0.059130 0.990473 7420 7983
-0.070868 0.128253 0.031314 0.999302 7445 7819
0.083073 -0.015294 0.339334 0.945067 7447 8208
-0.086738 0.052681 0.273283 0.841157 7458 7788
-0.140571 0.104419 0.027856 0.969799 7473 7688
-0.244213 -0.159801 0.002651 0.983048 7503 7719
0.153220 -0.229153 -0.022747 0.976537 7566 7743
0.173152 0.270225 -0.135185 0.988765 7572 7647
-0.189298 -0.255432 0.130376 0.998753 7621 7930
0.061585 -0.081839 0.027175 0.976940 7622 7838
-0.045946 0.216142 0.080855 0.977963 7629 7839
-0.034039 -0.139326 0.153365 0.975509 7652 8204
-0.044809 0.239461 0.071749 0.943680 7668 7776
0.097169 -0.210248 -0.023160 0.975742 7681 7892
-0.195793 -0.001836 0.009624 0.734824 7690 7955
0.100531 -0.096376 0.287266 0.930402 7690 8112
-0.168679 -0.348822 -0.004678 0.766474 7724 7832
-0.050935 -0.182108 0.081754 0.949165 7727 8058
-0.101421 0.466100 0.422962 0.895749 7739 7943
-0.002717 0.217831 0.132621 0.847928 7745 7991
-0.156397 -0.064409 -0.008030 0.718438 7773 7917
-0.059178 -0.233234 -0.081224 0.899079 7781 8128
-0.106042 -0.226494 -0.033172 0.935741 7781 8211
-0.197434 -0.231722 -0.271751 0.763220 7788 7879
-0.180568 0.209594 0.189716 0.744925 7788 8060
0.114505 -0.245420 0.132512 0.811862 7798 8064
-0.067473 -0.124606 0.024232 0.902840 7799 8136
0.069455 -0.270376 -0.010543 0.754718 7807 7991
0.081294 -0.051319 0.203753 0.526035 7875 8128
0.165694 -0.227432 0.051152 0.889356 7899 7992
0.142609 -0.439843 0.128294 0.916196 7899 8175
-0.002478 0.158112 0.064816 0.829487 7917 8008
-0.224203 -0.062835 0.464208 0.716090 7927 8129
-0.174757 -0.178989 -0.098458 0.940469 7933 8021
0.152768 0.045014 -0.008136 0.712916 7934 8023
0.170464 0.129627 0.153090 0.982999 7934 8215
-0.170663 0.158937 0.184133 0.852793 7961 8223
0.147719 0.355160 -0.100437 0.969801 7988 8027
-0.257694 0.067491 -0.085374 0.591194 7992 8175
0.051243 -0.276105 0.113893 0.747927 7997 8180
-0.133188 0.366270 0.123030 0.997662 8004 8116
-0.037283 0.142204 0.180303 0.719835 8023 8215
-0.217875 -0.005523 0.103373 0.730064 8078 8254
-0.116763 0.253859 0.089901 0.863703 8128 8210
-0.160707 0.060627 0.048513 0.578463 8128 8211
-0.106392 -0.193475 0.032919 0.865182 8136 8232
0.290593 -0.115118 0.082224 0.928011 8140 8216
0.111670 -0.383803 0.334419 0.954843 8147 8253
-0.083694 -0.366408 0.110742 0.701894 8159 8189
-0.247116 0.162943 0.004490 0.995478 8180 8246
0.260860 -0.175411 -0.024337 0.710893 8210 8211
-0.292881 0.056569 -0.076873 0.954012 8221 8251
-0.122843 0.365664 0.084365 0.937179 8229 8261
-0.316654 0.243545 0.165019 0.941912 8261 8266
