-0.269008 -0.095943 0.088932 0.708824 2 93
-0.040695 0.053916 0.135651 0.970017 8 1710
0.039573 0.608873 0.008479 0.704119 9 10
0.015654 -0.218975 0.149312 0.949357 17 588
0.192250 0.213501 0.283523 0.976506 18 776
0.055396 0.259474 0.584704 0.909612 24 192
-0.139643 0.030505 0.245119 0.972229 26 1379
-0.049262 0.191133 0.307136 0.856987 43 597
-0.063704 0.114704 0.072074 0.897855 46 1221
0.034509 -0.011330 0.270162 0.672160 49 675
-0.010655 -0.325772 0.275912 0.809705 54 192
-0.063504 -0.033529 0.282562 0.945248 69 829
0.129658 -0.178190 0.280548 0.748969 87 132
0.102425 0.031539 0.293225 0.938986 90 950
-0.019102 0.162483 0.007279 0.992408 95 628
-0.018781 0.051125 0.136021 0.870923 95 959
-0.131517 -0.016642 0.176367 0.512382 98 415
0.097564 -0.116814 0.092857 0.995821 103 365
0.042728 -0.191686 0.134075 0.983703 105 1120
0.094526 -0.263082 0.123972 0.997602 117 851
-0.055939 -0.083194 0.166425 0.941027 121 1708
-0.236083 0.133423 0.131220 0.937250 128 621
-0.125866 -0.053878 0.312041 0.898187 133 879
-0.084494 -0.197718 0.336101 0.919483 135 1332
0.047443 0.157703 0.044449 0.993405 135 1485
-0.029361 -0.074545 0.095030 0.977538 135 2262
-0.138243 0.058252 0.186179 0.938617 138 1289
-0.056976 0.196461 0.116769 0.974050 154 968
-0.048106 -0.059803 0.268917 0.974414 165 842
0.137686 -0.205291 0.209362 0.911764 170 1133
-0.193487 -0.039192 0.071653 0.794447 172 1133
0.036290 -0.129892 0.086475 0.709694 188 796
0.177854 0.169426 0.136399 0.917770 198 1147
-0.045978 0.140287 0.105842 0.989224 202 753
0.030849 0.032084 0.088010 0.830348 209 2752
0.070985 -0.192171 0.157242 0.957329 218 704
-0.191289 -0.023186 -0.052101 0.993583 227 831
0.191047 -0.034532 0.106695 0.975647 227 1124
0.073961 -0.082609 0.139613 0.975310 228 1344
0.009746 0.001813 0.258480 0.922276 229 1206
0.088083 -0.005370 0.226342 0.944361 232 1020
0.086281 0.102078 0.205869 0.990536 244 1171
-0.036664 -0.188793 0.097875 0.981436 251 937
0.120812 -0.112071 0.105633 0.951081 253 862
0.167659 0.232308 0.407800 0.952691 264 1093
-0.030422 0.033200 0.262177 0.856914 266 951
0.111606 0.028519 0.156000 0.968286 270 1239
-0.032558 0.187107 0.045804 0.991606 275 409
-0.044176 0.002573 0.191434 0.993761 276 1243
-0.076549 -0.238457 0.180158 0.865118 280 567
0.150340 -0.221861 0.164206 0.693713 290 637
0.086073 0.153746 0.197060 0.992841 301 1947
0.045762 -0.130349 0.245955 0.937504 303 1307
-0.024852 -0.360393 0.073546 0.725217 308 376
-0.012769 0.098649 0.155393 0.918649 317 985
-0.195939 -0.068771 0.209303 0.913828 323 938
0.028314 -0.214369 0.016102 0.995915 348 412
0.125422 0.066468 0.287234 0.956803 349 1101
0.012285 0.213669 0.152466 0.968439 353 1103
-0.003964 0.121779 0.148255 0.932545 355 1678
0.100352 -0.053409 0.205319 0.961116 368 2004
0.005792 0.025672 0.335866 0.994359 382 1078
0.003081 -0.222337 0.227712 0.982474 383 846
-0.099707 -0.065498 0.178520 0.983295 385 1468
-0.071325 0.097393 0.134134 0.952104 390 1564
-0.240466 0.302105 0.316687 0.996800 391 612
-0.103735 0.218924 0.051300 0.978253 392 736
-0.221945 -0.236875 0.012713 0.887557 394 738
-0.083858 -0.167559 0.044849 0.947549 404 880
-0.049039 0.063347 0.061901 0.971354 406 1929
-0.148530 0.001583 0.102502 0.899593 409 564
0.004723 -0.070122 0.234931 0.934733 413 1155
-0.077841 0.130620 0.283280 0.953881 415 760
0.212507 0.046778 0.115794 0.962618 416 817
-0.049092 0.039701 0.123464 0.991954 425 2564
-0.107234 -0.033605 0.190075 0.911555 437 1167
0.157147 -0.049728 0.036132 0.939535 450 1221
-0.065776 0.096705 0.137621 0.995302 452 1470
0.030235 -0.003282 0.328939 0.891174 476 684
0.018051 0.057310 0.190700 0.919490 477 1372
-0.198645 -0.098062 0.066323 0.779875 480 688
0.199828 0.037881 -0.039552 0.997054 481 483
-0.034520 0.110563 0.011337 0.771708 481 1236
0.256436 -0.175166 0.001181 0.970365 481 1984
-0.120391 -0.122610 0.032820 0.928976 481 2648
-0.161797 0.132607 0.158914 0.889349 496 818
-0.196758 0.195024 0.189637 0.974281 501 1061
0.109676 -0.051169 0.034554 0.819322 507 1065
-0.210537 0.039873 0.329076 0.941143 513 909
0.084204 0.071408 0.104005 0.919078 516 2004
-0.082969 0.088793 0.229959 0.974015 520 1346
-0.130926 0.146702 0.084048 0.995402 522 1075
0.346240 -0.052041 0.251883 0.915030 530 984
0.083284 0.081336 0.105106 0.933673 538 1139
0.131480 -0.194850 0.190674 0.971182 550 1230
-0.198801 0.085708 0.109392 0.997618 554 947
0.140669 -0.360768 0.334056 0.881910 557 1000
0.039098 -0.235998 -0.040603 0.961123 559 752
-0.109204 -0.171382 0.173650 0.972612 560 1483
-0.039801 -0.067937 0.196505 0.975504 562 1530
-0.131195 0.104055 0.023622 0.988087 564 754
-0.084956 0.135789 0.082711 0.991778 564 1578
0.153788 -0.069543 0.121220 0.835056 564 2266
-0.008714 0.036577 0.107783 0.944191 564 3029
-0.047279 -0.048302 0.146832 0.954779 576 2050
-0.118409 0.104632 0.186268 0.949992 578 1201
-0.011375 -0.269050 -0.116359 0.874252 582 1119
0.149707 0.179651 -0.007036 0.963565 582 1120
-0.185699 0.287056 0.187500 0.959855 582 1548
0.121932 0.086547 0.023762 0.747386 582 1944
0.068556 -0.021613 0.165907 0.997712 584 1645
0.063576 -0.070462 0.074039 0.931798 585 1947
0.012837 -0.105076 -0.052376 0.531237 591 652
-0.026262 0.083717 0.037886 0.899368 591 836
0.094923 0.107205 0.144172 0.856639 591 1022
-0.216696 0.096271 0.109278 0.872583 594 924
-0.052131 0.008724 0.160442 0.869462 599 1419
-0.031376 0.131193 0.127760 0.880145 602 1353
0.025305 0.038436 0.221649 0.995747 609 1613
0.115972 -0.007527 0.100112 0.969735 614 1516
0.067898 0.120957 0.138397 0.928161 621 1226
-0.138901 0.036243 0.313979 0.984199 622 1144
-0.048083 0.158722 0.152312 0.906082 623 1185
-0.127424 -0.151899 0.147497 0.993493 623 1228
0.108452 -0.014960 0.164251 0.986295 624 1825
-0.011634 -0.132583 -0.013065 0.950006 625 1774
-0.121503 0.005879 0.040697 0.994231 625 2649
0.039329 0.077869 0.117969 0.972275 627 1243
0.088903 -0.060528 0.097236 0.994836 627 1582
0.188931 -0.299030 0.086728 0.973031 643 1064
0.034602 0.273301 0.096619 0.949934 671 992
-0.102829 0.085050 0.014424 0.986717 677 867
-0.086880 0.116386 -0.013682 0.983668 683 1521
0.008043 -0.013327 0.107827 0.972136 683 3062
-0.020649 -0.010951 0.301574 0.772843 684 1480
-0.009105 -0.059571 0.120017 0.945830 694 1240
-0.058596 0.116338 0.147467 0.953505 695 1239
-0.077764 -0.073877 0.100107 0.883468 699 3166
-0.032766 -0.080437 0.111631 0.941525 713 1797
-0.127845 -0.035954 -0.127666 0.874089 718 782
-0.041885 -0.085338 0.077245 0.969798 718 3508
0.059040 0.032502 0.102224 0.973389 718 3745
-0.009980 0.044352 0.106600 0.992932 733 2632
0.006332 -0.110167 0.079722 0.982038 736 1763
0.141778 0.020491 0.140304 0.932589 738 1923
-0.099942 0.203275 0.073425 0.938562 743 874
0.028494 -0.303713 0.227792 0.830034 752 1238
-0.123054 0.029852 -0.051792 0.967371 753 878
0.062412 -0.077833 0.206771 0.956782 754 1578
0.009717 0.244003 0.072921 0.967207 758 1106
-0.013800 0.148059 0.100076 0.619023 760 1389
-0.054482 -0.051572 0.147312 0.995598 769 1942
0.008279 -0.106177 0.143531 0.971720 771 2564
0.095518 -0.140557 0.102057 0.982719 772 974
-0.084679 0.008976 0.103045 0.968297 772 1944
0.158635 -0.036817 -0.016062 0.926314 776 1802
-0.077164 0.039643 0.085685 0.922093 776 2435
0.031956 0.089159 0.127812 0.993844 790 1696
-0.078831 0.133122 0.033784 0.965704 791 850
0.062268 -0.060773 0.030183 0.955467 796 1566
0.029642 -0.012469 0.204514 0.993106 803 1875
0.006624 -0.059408 0.106568 0.985635 811 2178
0.024055 0.068240 0.125799 0.795583 812 1488
-0.217435 -0.017581 0.341876 0.937629 816 1247
0.100554 -0.177708 0.171515 0.941459 816 1336
0.124700 -0.028456 0.041017 0.993691 818 1393
-0.117589 -0.259090 0.344974 0.993561 822 1252
0.073030 -0.021049 0.177382 0.991122 824 1994
0.128840 0.117272 0.060701 0.970364 827 1450
-0.027200 0.180923 0.040971 0.997832 835 915
0.007118 0.065212 0.133653 0.990488 836 2011
0.100318 -0.212570 0.245773 0.988230 846 1216
-0.061472 -0.013805 0.136679 0.991493 851 2109
0.216718 0.048296 0.098365 0.911660 858 1359
0.018361 -0.001129 0.142776 0.931167 858 2217
0.001947 -0.092825 0.079754 0.973552 865 1362
-0.057985 0.012331 0.152902 0.974400 872 1665
0.089080 0.019969 0.126458 0.980192 897 1992
-0.200840 -0.135933 0.143705 0.997026 900 1394
0.017952 -0.041111 0.148806 0.934049 901 1995
0.025833 -0.017527 0.177731 0.970919 906 2191
-0.144771 0.172247 0.228447 0.966443 909 1302
0.001303 0.251434 0.084411 0.808246 923 1025
-0.138546 -0.027170 0.327940 0.992960 924 1411
-0.157191 0.071389 0.055751 0.955505 929 985
0.089080 -0.200146 0.104399 0.914350 944 1229
0.061399 -0.051336 0.131433 0.994131 950 2222
0.022321 -0.071791 0.037502 0.960548 953 1436
-0.087795 -0.210334 -0.164535 0.722784 958 1056
0.006545 0.063188 0.073556 0.959860 958 3160
0.016094 -0.148780 0.026924 0.987326 959 1987
-0.207663 0.057695 -0.033931 0.772982 960 1291
0.186385 -0.154597 0.321949 0.996204 968 1449
-0.006382 0.176657 -0.020277 0.998992 970 1450
0.073939 -0.009325 0.124742 0.993602 972 2486
-0.102952 -0.095408 0.108891 0.908059 975 2007
-0.195898 -0.115102 0.154951 0.940156 978 1553
-0.100615 0.066441 -0.017674 0.912690 990 1614
0.120201 0.087881 0.081308 0.808901 990 3294
-0.111925 0.055833 0.073598 0.968788 991 1708
-0.031156 0.053216 0.099905 0.989643 1002 2320
0.090863 -0.007475 0.074234 0.960885 1008 2092
-0.077050 -0.066222 0.232492 0.995083 1013 1838
-0.032310 -0.045144 0.113787 0.846112 1020 1747
-0.058269 -0.096292 0.023922 0.763220 1022 2150
0.047724 0.000761 0.091720 0.870834 1023 2574
-0.074060 0.128096 0.089189 0.960702 1030 1559
0.039890 0.011156 0.101060 0.733900 1031 1963
-0.009448 0.060136 0.229411 0.960562 1032 1808
0.298047 0.258459 0.001789 0.962686 1034 1081
0.056547 -0.160821 0.144256 0.898934 1034 1420
0.125164 -0.057498 0.136277 0.916000 1041 1654
-0.063988 0.111568 0.006672 0.997760 1042 1815
0.105630 -0.004499 0.126598 0.995415 1043 2113
0.040366 -0.047852 0.139034 0.986278 1044 2217
0.081467 -0.021941 0.194637 0.931346 1045 1865
-0.182216 -0.032433 0.127381 0.843700 1050 1978
-0.047543 -0.088640 0.107833 0.900977 1052 2220
0.022128 -0.079031 0.115229 0.998544 1060 2137
-0.070390 0.039174 0.170730 0.997400 1061 2184
0.051527 0.113760 0.143542 0.946180 1065 1997
0.063686 -0.072673 0.103087 0.983017 1067 2564
0.042731 -0.140936 0.065336 0.966623 1072 1744
0.048883 -0.012741 0.096977 0.987338 1072 2006
0.044953 0.033474 0.099651 0.936808 1074 3182
-0.054830 0.051164 0.097451 0.963569 1075 1747
-0.008687 -0.159521 0.083789 0.977909 1078 1557
-0.095481 -0.013918 0.211381 0.974778 1078 1912
0.009742 -0.046760 0.177773 0.942053 1090 1665
0.072053 -0.022135 0.247305 0.970497 1102 1883
0.046386 -0.174619 0.144254 0.973295 1105 1884
0.101177 -0.074318 0.203980 0.964915 1110 2234
0.192939 0.114455 0.112547 0.977881 1113 1738
-0.147766 -0.011072 0.123377 0.954404 1114 1497
0.027865 -0.141300 0.106043 0.974770 1120 1944
0.128410 -0.135018 0.098873 0.954520 1122 1501
0.004314 -0.098960 0.018077 0.933332 1131 1133
-0.216592 0.038124 -0.023765 0.988155 1133 1466
-0.101221 0.152927 0.066730 0.924774 1139 1703
0.229422 -0.294505 0.108815 0.863775 1139 2731
0.116389 -0.328151 0.105884 0.928285 1139 2869
-0.012389 -0.019411 0.068149 0.807363 1139 3567
0.138377 0.227509 0.111493 0.989453 1141 1355
-0.110485 -0.022158 0.173969 0.997238 1145 2169
0.126434 -0.118721 0.055290 0.993255 1155 1729
-0.027895 0.159772 0.082113 0.962516 1164 2943
0.085930 -0.077642 0.249875 0.988194 1164 3048
-0.106917 0.033248 0.022167 0.927974 1165 1797
0.113808 -0.024812 0.202896 0.853243 1166 1803
0.007836 -0.023912 0.111999 0.986909 1169 2863
0.163875 -0.103740 0.191310 0.999446 1202 1450
-0.138797 0.127819 0.190175 0.914683 1215 1603
0.030029 -0.082777 0.100559 0.950431 1215 2300
-0.032696 0.072765 0.147703 0.997033 1217 2409
0.110688 0.132730 0.143780 0.903370 1222 2217
-0.016770 -0.153226 0.097519 0.993308 1225 1976
-0.450935 -0.012602 0.062720 0.966284 1233 1330
0.085581 -0.117025 0.012342 0.980018 1240 2463
0.104134 -0.069951 -0.008093 0.960927 1243 1582
-0.036809 -0.046309 0.102626 0.977755 1243 2747
0.030583 -0.187585 -0.018730 0.787209 1247 1336
0.250619 0.164351 -0.271957 0.967818 1247 1337
0.092206 -0.078980 0.054538 0.990935 1259 1946
-0.188441 0.113691 -0.017727 0.990302 1264 1458
0.119874 0.111620 0.123345 0.962818 1266 1951
0.006561 -0.076039 0.100651 0.997944 1269 2683
0.026575 -0.062050 0.115422 0.892199 1274 2688
0.027552 0.127443 0.197673 0.990546 1275 2154
0.233787 -0.125723 0.157962 0.871445 1277 1609
-0.133167 0.111442 0.113468 0.999477 1278 2217
0.063193 -0.159573 0.128137 0.958314 1285 2174
-0.098185 -0.197072 0.070902 0.905791 1287 1482
0.009140 -0.062498 0.053151 0.995899 1289 2888
0.058865 -0.012846 0.076440 0.972380 1311 2402
-0.062257 0.100774 0.205188 0.851664 1315 1851
-0.055535 -0.143888 0.101587 0.899085 1318 2209
0.024711 0.008246 0.217258 0.984809 1318 2250
0.088673 0.096176 0.200725 0.998040 1321 2019
-0.058079 -0.313129 0.198785 0.781721 1332 2262
0.099791 -0.134929 -0.030448 0.977526 1333 2268
-0.074010 -0.062403 -0.011691 0.823568 1344 2004
0.132189 -0.108774 0.079845 0.974260 1345 1952
0.155190 0.092037 0.205199 0.987838 1349 1956
-0.019086 0.046103 0.265641 0.978343 1357 2500
-0.181217 -0.035322 0.118380 0.960048 1359 2217
0.092894 -0.024412 -0.025613 0.893420 1362 1764
0.042899 -0.225428 0.207581 0.976167 1365 1765
0.044738 -0.043780 0.096589 0.966589 1379 2975
0.060461 -0.172422 0.002074 0.980565 1380 1726
-0.105508 0.008037 0.201114 0.985878 1393 2522
-0.173548 0.096420 0.108524 0.898453 1413 1956
-0.054866 -0.220662 0.317184 0.972813 1414 1556
-0.117114 -0.084869 0.123051 0.923284 1417 2402
-0.097570 0.077626 0.058604 0.996349 1420 1696
0.035175 0.089483 0.261673 0.987513 1440 2038
0.188645 0.046427 0.094330 0.916166 1450 2192
-0.066313 -0.049710 0.092547 0.906005 1450 2277
-0.117039 0.311976 -0.057328 0.980163 1464 1905
0.056872 -0.008745 0.292995 0.975978 1465 2151
0.140206 -0.194465 0.270441 0.970456 1467 2109
-0.193009 0.038137 0.040781 0.853014 1475 2024
-0.126101 -0.060111 0.119112 0.885530 1475 2789
0.032416 -0.248658 -0.052248 0.964766 1482 1576
-0.002258 0.142651 0.130259 0.992008 1482 2514
-0.275633 0.007130 -0.045097 0.971996 1494 1782
0.042129 0.010727 0.170978 0.998059 1497 2895
-0.053622 -0.007955 0.103704 0.999124 1509 3333
0.141136 -0.148384 0.119657 0.843241 1516 1920
-0.090291 -0.007148 0.168494 0.933521 1516 2505
-0.079432 0.149436 0.042745 0.996912 1520 2027
-0.006789 0.121838 0.123466 0.999676 1528 2458
-0.056469 0.100072 0.112922 0.992478 1530 2460
-0.051996 -0.031998 0.166187 0.946076 1541 2847
-0.286925 0.319348 0.190663 0.921173 1547 1791
-0.243774 0.262980 0.017337 0.991264 1551 1646
-0.186916 -0.199404 0.090386 0.983472 1552 1747
-0.243078 -0.147959 0.163121 0.875563 1569 1665
-0.022393 0.359402 0.227771 0.988609 1574 1770
-0.107217 0.129746 0.099907 0.985865 1578 2227
0.209119 -0.082074 0.141236 0.986630 1581 2039
0.031353 -0.113514 0.057138 0.993304 1583 2469
-0.102212 0.024710 0.223801 0.944080 1591 2275
0.249011 0.269937 -0.112424 0.936415 1596 1905
-0.052875 0.083077 0.062151 0.800814 1600 2402
-0.040325 0.210949 0.078651 0.972778 1601 1752
-0.026044 0.010305 0.183546 0.972159 1606 2625
0.024983 -0.012033 0.173506 0.982750 1615 2633
0.093055 -0.111108 0.172635 0.847675 1618 2165
0.033382 -0.165245 0.134542 0.857217 1621 1975
0.118623 -0.073616 -0.007908 0.990241 1624 1714
-0.112447 0.037097 0.126995 0.983713 1626 2172
-0.016280 0.120264 0.220299 0.965686 1626 2173
-0.078945 0.043691 0.219131 0.814174 1630 2373
-0.160089 0.121383 0.139695 0.918264 1635 2135
-0.020225 -0.002137 0.095182 0.909075 1635 2892
0.039187 0.022923 0.099308 0.991853 1638 4113
-0.157850 -0.220693 -0.137232 0.626928 1639 1792
0.014004 -0.285675 -0.052582 0.757938 1640 1999
-0.233522 -0.229787 0.392378 0.995667 1641 2001
-0.104202 0.076834 0.120146 0.927503 1647 3603
0.040441 -0.047538 0.041703 0.904056 1663 2794
-0.169831 0.030686 0.161305 0.975174 1663 3470
0.090794 -0.052454 0.026095 0.808210 1665 1874
0.054711 0.158724 0.018820 0.873972 1665 2117
-0.049816 -0.060715 0.142764 0.981902 1665 2640
0.047856 -0.006399 0.126589 0.964809 1667 2970
0.018186 -0.066041 0.144443 0.955205 1672 2748
0.043285 -0.005420 0.115533 0.994507 1673 2601
0.107001 -0.092840 0.193147 0.999203 1674 2652
0.095087 -0.101467 0.353077 0.967932 1685 2485
-0.090534 -0.051168 0.167264 0.981040 1695 2624
0.060023 -0.013820 0.230162 0.992745 1705 2499
-0.007720 -0.130384 0.039817 0.993974 1707 3462
-0.014673 -0.014352 0.042858 0.753882 1707 4767
0.013947 -0.091596 0.064261 0.976500 1708 2966
-0.059865 -0.068279 0.139778 0.980778 1710 2735
0.129941 0.094950 0.120135 0.849386 1711 2587
-0.063281 0.107224 0.043265 0.853005 1712 1975
0.191199 0.017404 0.150766 0.880507 1724 2264
-0.065178 0.047096 0.204271 0.973179 1726 2886
-0.160746 0.044173 0.136483 0.996603 1734 2330
-0.124652 0.014435 0.056714 0.998627 1738 2186
-0.201337 0.083849 -0.004039 0.985884 1747 2148
-0.065473 -0.260586 0.012575 0.946255 1753 1857
0.004913 -0.274670 0.138613 0.997766 1754 2301
-0.146896 -0.108177 0.109179 0.986808 1756 2494
0.119000 -0.177715 -0.023872 0.973117 1763 1820
-0.020911 0.039769 0.079450 0.957272 1766 3251
0.069734 -0.258295 0.037308 0.941215 1771 1772
0.144934 -0.105335 0.052642 0.987373 1783 2185
0.073581 -0.075924 0.142769 0.986545 1797 2396
0.014220 -0.002339 0.203429 0.877721 1797 2672
0.123086 -0.007122 0.059642 0.782101 1798 2105
-0.136823 0.093146 0.135544 0.902000 1798 2146
-0.039124 -0.126614 0.039209 0.970024 1807 2402
0.097999 -0.213650 0.119216 0.998171 1808 2208
-0.110328 0.193659 0.072656 0.974439 1811 1915
0.230268 -0.239447 0.218078 0.785735 1817 2025
0.058227 -0.052217 0.101019 0.966430 1823 2645
-0.185685 0.265684 -0.027258 0.893896 1830 2326
0.155211 0.306435 0.000397 0.985921 1830 2554
0.014342 -0.183487 0.135484 0.897198 1830 3066
-0.022197 0.231763 0.132211 0.947196 1845 1903
0.053683 -0.116323 0.151137 0.995790 1862 2451
-0.261633 0.028047 0.008502 0.897053 1863 2217
0.002634 0.110894 0.160768 0.938483 1874 2642
0.092186 -0.029772 0.070249 0.925723 1883 2088
-0.071727 0.137331 -0.025171 0.950549 1905 2293
-0.078220 -0.015479 0.080236 0.824548 1905 3329
0.066061 -0.020550 0.062512 0.989780 1905 3744
-0.094483 0.030828 0.246677 0.987187 1909 2778
-0.141865 0.090462 0.083814 0.906364 1912 2402
-0.182549 0.017063 0.076549 0.898667 1917 2216
-0.129070 0.144987 0.066076 0.964345 1920 2505
-0.060805 0.010345 0.123328 0.989551 1924 2702
-0.112006 0.036302 0.152694 0.880100 1926 2509
0.067292 -0.101210 0.158368 0.923024 1928 2590
-0.041643 -0.017119 0.097038 0.975626 1929 4056
0.024053 0.101208 0.116422 0.946018 1936 2474
0.184898 -0.142589 0.090413 0.985361 1947 2904
-0.070199 0.044060 0.078130 0.969715 1947 3495
-0.016860 -0.073447 0.188006 0.926796 1950 2721
0.008048 0.086382 0.141814 0.922362 1950 2858
-0.031541 0.091074 0.069046 0.740138 1953 2397
0.165621 -0.003926 0.365307 0.965550 1956 2575
-0.094102 0.008665 0.161845 0.559233 1961 2247
0.162364 0.304372 0.104693 0.942028 1963 2248
0.024424 0.080181 0.199483 0.972651 1976 2917
-0.095190 0.065992 0.110889 0.986419 2001 2764
0.186977 -0.069270 -0.062268 0.940764 2004 2145
-0.041388 0.148691 0.073647 0.995023 2014 2906
0.094823 -0.219645 0.109674 0.897560 2014 3331
-0.022554 -0.261060 0.042037 0.825618 2020 2215
-0.070940 -0.060773 0.482387 0.957066 2020 2579
-0.011781 -0.120634 0.093463 0.984490 2027 2916
0.064563 -0.171341 0.067391 0.992867 2030 2124
0.081559 -0.378034 0.298664 0.938634 2040 2232
-0.009871 -0.023107 0.196311 0.969421 2041 2841
-0.082378 0.273726 0.033757 0.942580 2044 2183
-0.036944 0.012218 0.188712 0.992171 2044 3485
0.207416 0.023481 0.146741 0.940180 2057 2533
-0.112959 0.203329 -0.070550 0.934964 2075 2258
0.050359 -0.077745 0.128305 0.882562 2075 3348
0.059403 -0.291300 0.027417 0.931086 2084 2129
0.100405 0.003575 0.234660 0.920695 2085 2651
-0.223023 0.213216 -0.144162 0.911602 2088 2518
0.079276 -0.094856 0.141493 0.892431 2089 2474
0.036155 -0.080530 0.128019 0.943959 2094 3171
0.046354 -0.015316 0.092788 0.982690 2097 3688
-0.100374 -0.166409 0.211898 0.978687 2109 2827
-0.073464 0.203202 0.195206 0.993246 2115 2584
0.021431 0.005290 0.394348 0.983591 2118 2794
-0.016192 0.043543 0.061558 0.853070 2119 2794
-0.038156 -0.147182 0.007544 0.981970 2129 2222
0.072727 -0.036118 0.130444 0.916031 2135 2892
-0.127953 -0.053267 0.110284 0.989192 2138 2848
-0.029511 0.104667 0.144149 0.991824 2158 2865
-0.086502 0.034023 0.131208 0.986368 2159 2865
-0.101826 -0.020348 0.180400 0.995118 2161 3146
-0.057605 -0.142492 -0.006576 0.984290 2167 2315
0.204922 -0.112122 0.110880 0.938365 2168 2587
-0.075816 0.101323 0.175526 0.948187 2173 2645
-0.054167 -0.073707 0.224075 0.945644 2180 2980
0.051455 -0.138508 0.072582 0.945709 2181 2604
-0.097860 -0.085221 0.179864 0.934753 2182 2754
0.026667 0.150966 0.184537 0.972873 2183 2710
0.078252 -0.031538 0.091264 0.892091 2184 3315
-0.168455 0.047955 0.129979 0.987885 2187 2893
0.547274 0.162612 0.228059 0.915593 2193 2283
0.103721 -0.294361 0.097183 0.976055 2196 2289
0.068164 -0.174026 -0.020872 0.918517 2199 2440
-0.022764 -0.191534 0.038349 0.981934 2211 2253
-0.173247 -0.173446 0.217875 0.970981 2214 2730
0.122225 -0.069125 0.018480 0.926172 2216 4218
-0.307309 -0.112066 0.172575 0.969675 2217 2959
-0.142355 0.192680 0.117693 0.999686 2230 2888
-0.027805 -0.086343 0.180018 0.842504 2233 2843
-0.040466 0.180373 0.117870 0.979057 2236 2762
0.021974 0.071842 0.223347 0.989786 2245 3000
0.167310 0.092938 0.202091 0.888124 2251 3085
0.242557 0.265884 0.285277 0.986821 2268 2471
-0.118044 -0.156992 0.181361 0.984889 2271 2654
0.014888 0.186918 0.045837 0.985089 2285 2668
0.096322 0.114493 0.169562 0.851055 2291 2815
-0.172003 0.119718 0.182250 0.970748 2310 2580
0.078664 -0.164801 0.006930 0.985320 2316 2418
0.187008 -0.190855 0.108444 0.994628 2317 2549
-0.124420 0.006078 0.120525 0.966366 2317 2794
-0.002782 0.177568 0.188413 0.982009 2320 3111
-0.010080 -0.116436 0.113168 0.966438 2327 3307
0.100989 -0.116777 0.069853 0.973818 2350 4086
-0.098636 0.058473 0.134906 0.991146 2351 2620
-0.008626 -0.135242 0.125887 0.979306 2364 3205
0.098684 -0.128464 0.157156 0.945046 2366 2921
0.058913 0.435858 -0.059414 0.750081 2369 2370
-0.044279 0.113959 0.166668 0.900316 2379 3126
0.012398 -0.093803 0.213930 0.933414 2383 3039
-0.016027 0.099635 0.111892 0.982346 2383 3315
-0.056981 0.079520 0.105983 0.982065 2391 3598
-0.151552 -0.262411 0.343740 0.980763 2398 2818
-0.088571 -0.117797 0.024531 0.950670 2400 2776
-0.118835 0.050601 0.092006 0.976595 2400 3139
-0.087620 -0.007438 -0.019608 0.938039 2402 2569
-0.114909 0.049883 0.077943 0.903650 2402 3410
0.058249 0.028224 0.071648 0.805032 2402 3452
0.053854 -0.023154 0.150284 0.854593 2402 3825
-0.044555 0.037287 0.177342 0.998854 2402 4082
-0.137697 0.153207 0.204301 0.928093 2410 2954
0.058866 -0.008306 0.210694 0.955884 2417 3201
-0.082574 -0.044518 0.132998 0.997614 2424 3424
0.027535 -0.058486 0.123604 0.921165 2435 3279
-0.001106 -0.011693 0.163412 0.720001 2446 2955
-0.136140 -0.394623 0.167851 0.973584 2454 2739
-0.053871 -0.166862 0.013091 0.996032 2462 2550
-0.181380 0.185990 0.269396 0.993994 2476 2845
-0.099392 0.009348 0.027693 0.978938 2489 3182
-0.221801 0.126253 0.197282 0.960060 2498 2784
0.022124 -0.011579 0.175115 0.997729 2500 3709
0.057777 -0.176042 0.132191 0.784741 2504 2699
-0.195634 0.118189 0.028186 0.889755 2507 2637
-0.030110 0.069320 0.182341 0.985721 2507 3578
-0.042868 -0.166708 0.155116 0.962678 2520 3124
0.030943 -0.120866 0.112819 0.962827 2528 3275
-0.068515 -0.030906 0.117568 0.982515 2560 3728
-0.066986 -0.077624 0.240301 0.974330 2561 3275
-0.047869 0.088822 -0.013788 0.935603 2574 2775
-0.155396 -0.085522 -0.001407 0.923030 2574 3000
-0.074496 0.272248 0.049619 0.975650 2582 2967
0.030398 -0.001824 0.128823 0.963939 2587 4375
-0.060175 -0.151660 -0.088520 0.987818 2593 2646
0.139151 -0.128261 -0.007586 0.959373 2593 3112
-0.127768 -0.197330 0.216748 0.826636 2596 2973
0.097446 -0.096821 -0.017575 0.971452 2601 3672
0.115414 -0.059226 0.067995 0.917515 2607 2762
-0.011688 0.041840 0.153249 0.872110 2608 3555
-0.105939 0.118263 0.009624 0.942677 2616 3505
-0.101706 -0.093759 0.077850 0.852739 2616 4857
0.030745 -0.058928 0.060055 0.782376 2616 5029
0.013996 0.034720 0.108812 0.984876 2621 5080
-0.108155 -0.033614 0.091964 0.981867 2622 3379
-0.084987 -0.002092 0.082457 0.989590 2632 4090
0.046869 0.155820 0.575305 0.941944 2635 2912
0.043728 0.072542 -0.039990 0.283535 2641 3256
-0.006498 -0.044167 0.169980 0.888208 2641 3623
0.216458 -0.046023 0.081504 0.948943 2662 3315
0.287463 -0.290724 0.070093 0.983747 2664 2760
0.035602 0.098245 0.119652 0.913428 2675 3279
-0.000428 0.102158 0.116426 0.994361 2683 3784
-0.023306 -0.038659 0.290962 0.904045 2691 4422
-0.100855 0.107138 0.146727 0.970200 2703 3201
0.234602 -0.018763 0.066349 0.867291 2723 3135
-0.045854 -0.067962 0.172869 0.995817 2728 3243
-0.306695 -0.464113 0.382028 0.872066 2731 2869
0.059412 -0.190063 0.266558 0.971930 2740 3584
0.170349 -0.058278 0.134042 0.988134 2759 3271
-0.105785 0.128947 0.144163 0.989675 2759 3404
0.060164 -0.266355 0.364703 0.884203 2781 3142
0.009675 0.146785 0.137226 0.981054 2785 4044
-0.181063 -0.164181 0.162485 0.962591 2793 3296
-0.091676 -0.130431 0.038667 0.905261 2794 4052
0.137884 -0.041608 0.097359 0.975531 2797 3583
-0.043018 -0.022720 0.154176 0.907023 2805 3970
-0.089893 -0.021188 0.136773 0.981060 2808 4021
0.140208 -0.109063 0.019608 0.878595 2811 3372
-0.084621 0.135928 0.188530 0.916977 2812 3178
-0.061949 0.054447 0.180882 0.971676 2817 3695
0.027196 -0.222607 0.348676 0.905833 2818 3328
-0.037407 0.166954 0.318573 0.969129 2820 3332
0.050565 0.018987 0.218301 0.970774 2821 4128
0.033479 -0.134697 0.223539 0.783509 2827 3386
-0.132010 0.244163 0.073921 0.993097 2828 2954
0.317095 -0.159958 0.083455 0.790315 2829 3009
-0.061043 -0.052604 0.222313 0.959710 2836 3666
0.188173 0.043842 0.184484 0.999724 2839 4062
0.096935 0.052778 0.177428 0.946244 2847 3546
-0.065227 -0.326729 0.033482 0.876518 2859 2941
-0.022907 -0.064747 0.100857 0.975857 2865 5033
-0.165721 0.199558 0.319786 0.985577 2869 3567
0.255523 -0.032777 -0.051548 0.982306 2871 3292
0.069036 -0.036303 0.277527 0.925106 2874 3621
-0.113223 0.193912 0.021525 0.929495 2877 3018
-0.035601 0.016118 0.308288 0.989549 2879 3714
-0.069621 -0.006857 0.296520 0.899149 2884 3110
0.140468 -0.088179 -0.061832 0.969532 2887 3856
0.080471 0.046048 0.051189 0.851934 2887 5259
-0.077374 -0.034572 0.098836 0.971025 2888 4383
-0.077449 -0.045340 0.074397 0.981538 2892 4242
0.009330 -0.054277 0.148317 0.961602 2892 4845
-0.019931 0.052964 0.372823 0.989149 2896 3366
-0.327707 -0.053854 0.175652 0.875921 2903 2993
-0.314349 0.228222 0.384605 0.878150 2907 3189
-0.015323 -0.030411 0.109167 0.898232 2910 3756
0.241048 -0.591413 0.021751 0.811752 2911 3013
-0.081904 0.169726 0.112954 0.969419 2914 3662
0.074803 -0.039167 0.109219 0.995163 2932 4684
-0.128950 0.009181 0.213135 0.935925 2933 3406
-0.040268 -0.015848 0.110051 0.947032 2946 3697
0.219682 -0.198966 0.246786 0.732609 2951 3054
-0.134646 0.027413 0.103407 0.922517 2952 3412
0.108889 -0.062398 0.082389 0.984623 2966 3889
0.072628 -0.039985 0.179922 0.999837 2969 3894
0.084432 -0.103344 0.127701 0.960301 2975 3430
-0.268382 -0.109427 0.101869 0.991523 2976 3353
-0.111159 -0.132062 0.095210 0.959036 2978 4012
0.054803 -0.027282 0.188609 0.992345 2996 3445
-0.060013 -0.208260 0.140297 0.992893 2999 3821
-0.034246 0.024445 0.044086 0.908359 2999 4688
0.042351 0.312890 0.021504 0.989132 3002 3238
0.000684 0.047744 0.218215 0.984070 3006 4131
0.148481 0.034143 0.052019 0.869081 3015 3016
0.027447 -0.148613 0.065179 0.991325 3016 3465
-0.068756 0.135339 0.358415 0.893431 3020 3391
-0.190080 -0.325685 0.030039 0.927380 3027 3118
0.031931 -0.077001 0.121718 0.971678 3028 3803
0.032210 0.097969 0.200977 0.984303 3031 3772
0.133042 -0.065529 0.182314 0.997686 3035 3638
-0.050827 -0.040593 0.061711 0.773013 3038 3437
-0.009381 0.166358 0.099490 0.949444 3039 3315
-0.399014 -0.143112 0.048008 0.969812 3043 3075
0.204132 0.142518 0.164735 0.935229 3050 4029
-0.080234 -0.122512 0.052249 0.783921 3053 3829
0.111712 -0.026130 0.053596 0.834386 3053 3834
-0.068881 0.012972 0.081748 0.897377 3056 5401
0.025915 0.032750 0.213388 0.988918 3058 4175
0.027656 0.007891 0.197080 0.958729 3062 4225
0.012677 -0.082644 0.117687 0.995044 3070 3547
-0.091112 -0.000911 0.151616 0.948884 3074 3919
-0.062507 0.019628 0.123588 0.963143 3075 4684
0.031622 0.077208 0.171782 0.993782 3076 3813
0.092384 0.003617 0.093529 0.912665 3091 3838
-0.005367 0.135064 -0.002021 0.905793 3101 3345
0.134688 -0.176043 0.039319 0.894742 3103 3891
0.062718 -0.123552 -0.056473 0.986513 3110 3302
0.050356 -0.051337 0.339020 0.847943 3118 3631
0.096142 0.150917 0.243746 0.955143 3132 4022
0.030101 -0.090122 0.141855 0.953215 3141 3704
0.161655 0.015287 0.154771 0.940640 3149 3843
0.099446 0.208031 0.399572 0.845565 3165 3360
0.152628 -0.080643 0.056896 0.983483 3171 3592
0.106748 -0.128364 0.057534 0.945750 3190 3659
-0.028075 -0.073812 0.167016 0.997069 3193 4132
-0.078089 0.065010 0.054190 0.968548 3196 3842
0.047525 -0.019377 0.199252 0.954306 3205 4005
0.019959 0.112672 0.259439 0.917532 3213 3671
0.261819 -0.057773 0.211344 0.995199 3228 3690
-0.265966 -0.324390 0.539118 0.893361 3246 3458
0.169221 -0.056719 0.050657 0.991553 3251 3999
0.033289 -0.020566 0.129546 0.998137 3251 4988
-0.118414 -0.116727 -0.050755 0.995344 3262 3587
-0.057908 -0.077979 0.018347 0.742609 3263 5568
0.194702 -0.059172 -0.021942 0.998912 3269 3315
0.227496 0.117149 0.259047 0.969833 3270 3437
-0.171179 0.002360 0.004061 0.912611 3279 3372
-0.273073 -0.273660 -0.058067 0.755327 3282 3375
0.259133 -0.075908 0.155782 0.996458 3295 4570
-0.030675 -0.161641 0.036121 0.906710 3304 5367
-0.040164 0.120586 0.032406 0.797265 3304 5608
0.039144 0.040838 0.089106 0.962568 3304 7602
0.107543 0.040121 0.038410 0.954538 3315 3727
-0.081423 -0.151313 0.120198 0.834601 3315 4395
-0.153339 -0.051240 0.278406 0.994648 3317 3682
0.107687 0.008631 -0.021133 0.700044 3318 3555
0.029524 -0.126412 0.119146 0.987927 3318 3974
-0.233390 0.018440 -0.121386 0.997330 3321 3554
0.115232 0.137181 0.102351 0.842779 3321 4741
-0.121588 0.021379 0.170189 0.799867 3322 3555
0.076794 -0.036840 0.098796 0.971696 3334 4764
0.053150 -0.007862 0.115361 0.999511 3342 5683
-0.009294 0.053059 0.193823 0.995354 3343 4431
-0.102678 0.405494 0.164389 0.994874 3346 3467
0.388596 -0.049951 0.026939 0.877569 3346 3470
-0.126982 0.096841 -0.027400 0.759571 3350 3891
-0.099354 0.068935 0.179658 0.960201 3354 4286
-0.025723 -0.041130 0.327867 0.984998 3355 3855
-0.026659 -0.149117 0.084312 0.884612 3356 3771
0.022248 -0.155384 0.077090 0.980613 3359 3806
-0.001548 0.019202 0.169470 0.992876 3359 4341
0.076148 0.145054 0.170246 0.995956 3361 3774
-0.098081 0.067376 0.239265 0.934229 3364 4018
-0.003994 -0.028311 0.095422 0.998719 3366 5766
-0.159004 -0.031804 0.039356 0.915521 3372 4118
0.230566 -0.196683 -0.090161 0.901981 3373 3409
0.020113 -0.113743 0.055783 0.692086 3385 3883
-0.012293 -0.038156 0.173835 0.967905 3389 4656
0.022098 0.103764 0.103786 0.995675 3393 4055
-0.038425 0.110089 0.142942 0.985848 3406 4548
0.122878 -0.069662 0.154131 0.818614 3417 3756
0.060383 -0.045568 0.120944 0.995055 3425 5098
0.037556 -0.124372 0.033680 0.941569 3432 3804
0.085644 -0.134964 0.078976 0.986685 3433 4149
0.017307 -0.007683 0.132862 0.957190 3433 5056
0.146363 -0.055475 0.044130 0.961688 3437 4019
0.005498 -0.034216 0.124182 0.965737 3437 5418
0.057942 -0.144047 0.134307 0.962223 3439 3687
-0.126028 0.277040 0.340471 0.824366 3442 3735
-0.036845 -0.078002 0.147081 0.904111 3445 4799
0.027705 -0.176533 0.136945 0.924803 3446 4079
0.060446 0.040613 0.116185 0.988959 3463 5043
-0.051976 -0.079331 0.168140 0.954930 3471 4324
0.054617 -0.168982 0.156054 0.952292 3473 3945
0.066638 -0.043626 0.144470 0.855816 3476 4010
0.129272 -0.277124 -0.005420 0.973539 3488 3489
0.231509 -0.233190 0.093477 0.985164 3513 4264
-0.114963 0.250677 0.148724 0.995933 3514 4128
-0.091496 -0.020693 0.128354 0.883161 3523 4216
-0.150186 0.019751 0.081568 0.971572 3524 4219
0.116788 0.038996 0.152252 0.942310 3527 4273
-0.078282 -0.064056 0.079934 0.971310 3533 4622
0.236806 -0.051802 0.379438 0.993326 3534 4183
-0.030649 -0.061440 0.320006 0.977534 3541 4239
-0.080406 -0.058038 0.234391 0.941506 3542 4291
0.284321 -0.110398 0.023185 0.980248 3543 3810
-0.201701 0.038777 0.052253 0.980174 3547 4734
-0.003768 -0.035144 0.124729 0.994568 3555 5019
-0.289975 -0.007226 0.022062 0.984301 3557 3596
-0.287648 0.018340 0.150153 0.912488 3559 3601
-0.008833 -0.060553 0.078158 0.896861 3567 4607
0.273197 0.225493 0.150437 0.890231 3569 3754
-0.053661 0.074158 0.114194 0.890529 3578 3711
0.037501 -0.117558 0.161799 0.818987 3578 4137
-0.118624 -0.000122 0.098727 0.997236 3583 4534
0.018245 0.196259 -0.067111 0.748847 3589 3636
0.093635 -0.079283 0.097898 0.998850 3593 4548
0.049834 0.013115 0.098042 0.981778 3598 5222
0.146638 -0.123415 0.206614 0.863170 3604 3697
0.136222 -0.161838 0.048358 0.947770 3605 3785
0.000977 0.015631 0.240623 0.934853 3624 3947
-0.091837 0.059212 0.111153 0.996638 3625 4485
0.076527 -0.043146 0.149392 0.991879 3627 4622
-0.120452 0.146273 0.238857 0.969098 3629 4230
0.173077 0.253263 0.191568 0.995268 3635 3910
0.382868 0.441534 -0.041740 0.826336 3669 3766
0.137692 0.247751 0.361419 0.690355 3669 3958
0.076494 -0.037043 0.161940 0.984121 3677 4447
0.360981 0.064384 -0.068662 0.962937 3679 3775
0.007495 -0.142500 0.093726 0.901669 3687 4452
0.096470 0.181273 0.291344 0.990141 3688 4399
0.020482 -0.081551 0.201499 0.999213 3693 4554
-0.186525 0.032772 -0.004970 0.857866 3697 4599
-0.132597 -0.070153 0.025556 0.997805 3697 4968
-0.114162 0.052104 0.154266 0.975078 3700 4647
0.278910 -0.108772 -0.020147 0.999392 3706 4368
0.025526 -0.005954 0.159149 0.979541 3706 5898
-0.098844 0.092688 0.078942 0.962412 3709 3937
-0.102825 0.034924 0.046161 0.811748 3710 3756
0.139599 0.146863 0.094771 0.854630 3714 3897
-0.099665 0.021631 0.008974 0.577710 3721 5568
-0.051366 0.059627 0.122802 0.797367 3722 4669
0.074468 -0.210930 0.365081 0.743308 3725 3864
-0.131039 0.105885 0.049408 0.947387 3740 4122
0.016814 -0.107135 0.075257 0.994567 3744 4601
-0.050156 0.065323 0.220646 0.929058 3746 4263
0.121762 -0.108141 0.045641 0.983506 3749 4311
0.016412 -0.249167 0.087248 0.996517 3750 4033
0.161355 0.071059 0.247102 0.984891 3751 4312
0.060592 0.021305 0.070149 0.981219 3756 6373
-0.047113 -0.041107 0.034745 0.915712 3756 6814
0.094896 0.033822 0.143240 0.978046 3760 4934
-0.044813 0.088969 0.148116 0.907132 3763 3947
-0.015660 0.006078 0.203860 0.781872 3764 4226
-0.255834 -0.025539 0.274478 0.932442 3765 4099
-0.202781 -0.142957 0.406720 0.707967 3766 3958
0.096893 -0.028669 0.047217 0.943506 3770 5986
-0.007742 0.012725 0.137833 0.982502 3770 6446
0.217656 -0.157848 0.059810 0.871585 3772 3859
0.123688 -0.075661 0.080916 0.993598 3773 4446
0.026162 -0.111442 -0.007481 0.993754 3774 4682
-0.132711 -0.049303 0.016712 0.898543 3778 4504
0.318687 -0.138892 -0.050504 0.979814 3779 3781
0.059713 -0.040044 0.134891 0.968074 3779 4915
0.238696 -0.377901 -0.186600 0.978564 3783 4413
0.255818 -0.209947 -0.164718 0.624300 3783 4512
-0.040169 -0.130991 0.047418 0.592771 3783 5281
0.019912 0.109649 0.051082 0.741673 3783 5944
-0.029871 0.029905 0.346171 0.998114 3786 4468
0.073638 0.089557 0.173293 0.982054 3797 4134
-0.071482 -0.064809 0.098708 0.967389 3798 4134
-0.076398 0.104804 0.100764 0.991631 3802 4232
0.152958 -0.117649 0.101458 0.992996 3810 4345
0.016050 -0.118866 0.200721 0.970799 3818 4509
0.154705 -0.149022 0.272563 0.917899 3820 4353
-0.003489 -0.202347 -0.141925 0.978192 3822 4029
0.110777 -0.163580 0.059194 0.890431 3828 4085
-0.215896 0.141430 0.083699 0.700953 3829 4695
-0.062249 0.272301 0.126436 0.945441 3829 4697
-0.084148 0.149857 0.097141 0.972190 3829 5438
-0.152825 0.082035 0.159964 0.996156 3837 4561
0.033518 -0.211851 0.100437 0.995968 3838 4818
-0.175381 0.012823 -0.036463 0.982710 3845 3997
-0.087514 0.079947 0.097571 0.852702 3847 4372
-0.056441 -0.094481 0.176125 0.981550 3848 4567
-0.039859 0.068386 0.191967 0.997938 3854 4719
0.051094 -0.170185 -0.030477 0.433651 3883 3885
-0.079335 -0.090081 0.119352 0.885959 3887 4362
-0.084263 -0.040331 -0.024008 0.512592 3891 4434
0.074367 -0.110651 -0.021962 0.979803 3897 4056
-0.014233 0.010904 0.207692 0.926276 3897 4887
-0.029336 0.019452 0.287840 0.957263 3898 4890
0.128728 0.038274 0.221824 0.940930 3907 4498
-0.021215 -0.075550 0.268634 0.906696 3908 4947
0.115431 -0.222469 0.084574 0.970110 3909 4190
0.122664 -0.031041 0.310726 0.927855 3912 4343
0.095947 -0.333955 0.258110 0.962195 3913 4109
0.028956 0.013734 0.169968 0.965527 3929 4974
-0.078653 -0.111677 0.315438 0.967634 3933 4361
-0.114651 0.013681 0.083795 0.989834 3936 4607
0.070041 0.067297 0.300667 0.897006 3938 4480
0.214221 -0.176864 0.109963 0.873915 3939 4133
0.075910 -0.105335 -0.001891 0.885829 3944 4222
-0.116997 0.124969 0.013273 0.931672 3944 4273
-0.093762 -0.212385 0.033627 0.865725 3944 4566
0.098032 0.034509 0.060901 0.893185 3945 3947
0.074888 -0.032561 -0.051522 0.956940 3947 4227
0.147788 -0.195326 -0.080300 0.976580 3947 5151
0.169116 -0.049252 -0.030226 0.844238 3949 4099
0.088389 -0.025091 0.125626 0.986773 3951 5096
0.101799 0.047491 0.165698 0.974864 3954 4717
0.378632 0.104814 0.278934 0.882199 3962 4061
0.036536 -0.095508 0.183525 0.982213 3974 5067
-0.203293 -0.138778 0.233022 0.973509 3975 4957
0.061176 -0.061135 0.064727 0.791539 3979 4644
-0.138976 -0.137708 0.220546 0.973142 3987 4557
0.039524 0.089705 0.175329 0.968398 3988 4918
0.128310 -0.025808 0.113750 0.995936 3992 4922
0.079685 0.240257 0.207256 0.976953 3994 4267
-0.109309 -0.084807 0.408372 0.876693 3997 4174
-0.111059 0.067027 0.044725 0.987676 3997 4612
-0.189140 0.098437 0.254008 0.911625 3997 4820
-0.039464 -0.044472 0.271547 0.964595 3997 4986
-0.075251 -0.235416 0.095283 0.849232 4001 4178
-0.057568 0.116430 0.141649 0.906639 4001 5308
0.066808 -0.200839 0.102024 0.898113 4004 4180
0.091728 -0.044738 0.006020 0.929221 4006 4055
-0.140017 -0.016798 0.082764 0.997794 4006 4619
0.159924 0.040492 0.028135 0.993569 4007 5454
0.033024 0.059632 0.065486 0.708493 4007 5601
-0.124712 0.109306 0.136721 0.947196 4009 4490
-0.022771 -0.172359 0.121638 0.847779 4010 4663
0.075473 -0.068773 0.031532 0.986283 4012 4288
-0.085372 -0.018459 0.174131 0.957372 4017 4902
-0.148540 -0.174170 0.234912 0.889045 4018 4296
-0.022237 0.166523 0.378146 0.979741 4031 4978
0.252189 -0.154289 -0.030860 0.963672 4035 4168
0.136487 -0.097420 0.085288 0.998931 4042 4478
-0.209615 0.132753 0.033050 0.972477 4049 4175
0.099859 -0.033632 0.022526 0.986354 4073 4463
0.030781 -0.124820 0.067624 0.791814 4081 4304
-0.311840 -0.014367 0.165983 0.910553 4082 4409
0.017680 0.008019 0.247882 0.953903 4083 4691
-0.078471 0.002334 0.160041 0.574201 4102 4492
0.134400 -0.147855 0.130295 0.952390 4104 4666
-0.143586 0.180046 0.306448 0.981467 4105 4834
-0.065270 0.057373 0.033899 0.975272 4128 4758
0.174416 0.088569 0.254043 0.989521 4132 4564
-0.046104 -0.051244 0.191155 0.995371 4136 5145
-0.051433 -0.046265 0.297007 0.982905 4145 4838
0.010532 -0.063894 0.109261 0.962791 4154 5575
-0.004929 0.027388 0.088980 0.894564 4157 7723
0.139035 0.152960 0.184276 0.995110 4168 4607
-0.056050 0.114835 0.067512 0.871261 4171 4767
0.055563 0.022692 0.415490 0.632130 4174 4986
0.068835 -0.078033 0.084641 0.970443 4175 4987
-0.139255 0.127775 0.107029 0.984092 4177 4653
-0.038424 0.148446 0.060668 0.990267 4178 5308
-0.121385 0.035487 0.123221 0.935578 4191 5063
-0.065708 -0.037119 0.214884 0.936398 4198 5014
0.042779 -0.058838 0.053504 0.864832 4213 4978
-0.062209 0.114480 0.169133 0.968489 4223 4932
0.129956 0.017521 0.111856 0.910051 4226 4377
0.259490 0.039287 0.059203 0.991308 4229 4232
-0.106494 -0.159347 0.142507 0.624621 4230 4573
-0.052446 0.116016 0.127631 0.966522 4230 5456
0.016213 -0.033888 0.204307 0.968816 4247 5422
0.093569 -0.144124 0.082893 0.975439 4253 4688
0.106765 -0.113773 0.079279 0.983069 4256 4972
-0.156449 0.091475 0.020473 0.961559 4260 4556
0.007891 0.115244 0.199246 0.935697 4260 5231
-0.001497 0.160244 0.230629 0.943341 4267 4868
0.146712 -0.082098 0.202708 0.954611 4282 4832
0.032163 -0.188931 0.073019 0.978910 4284 4667
-0.010594 -0.084971 0.274984 0.899654 4286 4997
-0.086895 0.011915 0.166913 0.947480 4291 5207
0.040117 0.055918 0.332683 0.934115 4296 4789
0.040358 -0.100588 0.108143 0.978558 4299 5379
-0.056490 -0.181338 0.109896 0.989685 4300 4792
-0.325383 0.003526 0.175659 0.980903 4304 4752
-0.093798 0.092154 0.116534 0.994445 4307 4804
0.006649 -0.166698 0.215023 0.994203 4312 4867
0.057203 0.039543 0.125177 0.955456 4315 5546
-0.057773 0.126792 0.115723 0.999712 4324 5090
-0.153797 0.120878 -0.101061 0.835969 4325 4933
0.094818 -0.091102 0.120424 0.491551 4325 4935
-0.182672 -0.086235 0.309089 0.928095 4330 4942
0.006745 0.011452 0.088345 0.996438 4336 6660
0.072820 0.069129 0.115768 0.945399 4340 5161
0.108600 0.026830 0.098364 0.843826 4342 5870
-0.170685 -0.103848 0.109475 0.978056 4347 4736
-0.028616 -0.147234 0.167751 0.921127 4347 4910
-0.115415 -0.002861 0.208477 0.929856 4352 5074
0.089008 -0.116435 0.123490 0.987436 4368 5299
0.316024 0.272366 0.017504 0.995670 4371 4565
0.071119 -0.069214 0.113548 0.974798 4373 5360
-0.124492 0.090705 0.002739 0.917535 4377 4888
-0.095103 0.117188 0.046957 0.995856 4378 4889
-0.059813 0.017359 0.132826 0.880755 4383 5203
-0.019289 0.014310 0.127055 0.860131 4388 5370
-0.120526 0.062711 0.123988 0.885046 4389 4445
-0.120848 -0.095807 0.154044 0.953388 4398 4850
-0.047823 -0.076093 0.137717 0.995260 4401 5020
0.010721 0.061758 0.113666 0.992406 4401 6682
0.057170 -0.052114 0.106699 0.958705 4403 5724
-0.062388 0.218312 0.118429 0.667462 4413 4512
-0.104101 -0.160511 0.174309 0.881983 4418 5128
-0.185174 0.008480 0.131303 0.991160 4418 5234
-0.129740 0.105381 0.066843 0.956898 4420 4699
0.110997 -0.026198 0.095065 0.997941 4423 5683
0.032843 -0.112548 0.168647 0.948193 4425 5549
0.020875 -0.134907 0.090427 0.999379 4435 5095
-0.091113 -0.223808 0.170096 0.939088 4438 4780
0.022625 0.044128 0.078477 0.648207 4438 5914
-0.105740 0.034658 0.096185 0.915953 4445 5826
0.089736 -0.088740 0.273003 0.980227 4447 5264
0.003472 -0.115573 0.044886 0.639469 4448 5831
-0.122350 0.071282 0.122111 0.874420 4456 4739
-0.029790 -0.058060 0.096120 0.997276 4462 6110
0.079099 -0.124970 0.129253 0.963033 4466 5028
-0.000202 -0.425234 -0.110536 0.930714 4472 4693
-0.053868 0.157297 0.143413 0.950504 4472 6414
0.118360 -0.081447 0.007058 0.978090 4489 4664
-0.001512 -0.116962 0.085570 0.975436 4491 5454
-0.048253 -0.140332 0.104041 0.996441 4494 5203
0.030877 -0.207168 0.078383 0.895509 4505 4744
-0.173734 -0.306004 0.110235 0.938866 4515 4807
0.069063 0.159962 0.131997 0.984532 4516 4978
0.003092 0.181800 0.114179 0.958100 4522 4814
0.071443 -0.121788 0.062837 0.998899 4530 5143
0.169895 0.079265 0.079798 0.892393 4540 5568
0.116354 -0.115511 0.148050 0.893788 4547 5018
-0.056407 0.103226 0.243368 0.932886 4549 5383
0.038240 -0.147873 0.113363 0.882195 4551 5473
0.028972 0.009845 0.134747 0.982181 4561 6014
-0.036820 0.221622 0.212952 0.995963 4573 5456
0.096989 -0.094268 0.130443 0.962035 4581 5516
0.148308 -0.156768 -0.056200 0.912062 4582 4585
0.055510 -0.045929 0.065070 0.903422 4589 7723
0.089367 0.055308 0.254803 0.993921 4590 5334
0.260756 -0.109951 0.091800 0.744936 4592 4966
-0.185439 0.014419 0.103037 0.877948 4595 5025
0.057592 0.115546 0.125086 0.857761 4602 5438
0.031704 0.100726 0.094505 0.917652 4607 6368
-0.053021 -0.115750 0.082394 0.923574 4607 6423
-0.040941 -0.003299 0.136962 0.937049 4608 5960
-0.069863 0.064142 0.076540 0.990169 4610 5596
0.159579 -0.157446 0.388969 0.996868 4611 5634
-0.034857 -0.225222 0.099730 0.973661 4618 5091
-0.081491 0.085018 0.112977 0.935152 4622 5197
-0.012305 -0.019094 0.099503 0.901406 4622 6086
-0.061962 0.017201 0.165403 0.987611 4623 5603
0.194093 -0.003947 0.168804 0.989749 4631 5416
-0.098781 -0.019799 0.154698 0.949310 4634 5515
0.311649 -0.268130 0.026706 0.877595 4643 4799
-0.064955 -0.053268 0.167659 0.979436 4660 5561
0.027953 -0.069331 0.139812 0.872165 4669 5513
-0.024694 0.072527 0.111931 0.979285 4670 5703
0.044844 0.020971 0.071182 0.889686 4682 5419
-0.097919 -0.144093 0.012063 0.905964 4682 5709
-0.026714 0.007400 0.173005 0.914486 4682 6347
-0.178110 -0.143918 0.111538 0.924688 4688 5476
0.141278 0.316678 0.286081 0.930819 4695 4697
-0.177507 -0.047976 0.203560 0.839192 4697 5438
-0.113788 0.090908 -0.041532 0.896614 4699 4861
-0.258662 -0.155984 0.307323 0.963554 4707 5141
-0.083549 0.039566 0.014384 0.969010 4710 5743
0.054632 -0.113860 0.122892 0.984533 4719 5366
-0.154204 -0.045789 0.363045 0.990481 4746 5583
0.071334 -0.098137 0.067606 0.933660 4764 5590
-0.027956 -0.019794 0.172474 0.948725 4764 6269
0.174792 -0.111336 0.079438 0.873520 4767 5797
0.150667 -0.100524 -0.048613 0.961095 4768 4770
0.135368 -0.063385 -0.021827 0.967061 4770 4877
0.257750 -0.236332 0.181533 0.959837 4774 5308
0.090730 0.117049 0.103130 0.941097 4785 5370
0.109517 -0.173783 0.064852 0.966420 4789 5211
-0.114462 0.364463 0.178282 0.997618 4797 4913
-0.059544 -0.125309 0.332028 0.986297 4802 5781
-0.114870 0.182557 0.176749 0.957067 4814 5185
-0.026669 0.017227 0.129666 0.951646 4815 6564
-0.167775 0.293223 0.103203 0.903224 4817 5083
-0.074895 0.163381 0.142076 0.989621 4821 5634
0.160540 0.079819 0.017099 0.978102 4823 5969
-0.070663 0.070196 0.098262 0.944570 4823 7171
0.115208 -0.214516 0.113674 0.993321 4826 5308
0.125415 0.088321 0.137372 0.813189 4827 5808
-0.179904 0.057283 0.260962 0.992470 4833 5507
0.038218 -0.021880 0.136968 0.610078 4835 5458
-0.043151 0.058671 0.172541 0.916527 4838 5368
0.076759 0.101853 0.246812 0.962386 4840 5988
-0.044347 0.115367 0.020716 0.965038 4850 5526
0.062709 -0.009886 0.055233 0.896980 4850 6504
-0.119120 -0.154461 -0.034548 0.866605 4858 5387
0.141042 0.202262 0.199392 0.814382 4862 5131
-0.087375 0.052404 0.062997 0.997942 4889 5974
-0.024379 0.116337 0.188790 0.954037 4891 5604
-0.098100 -0.154760 -0.106375 0.981650 4893 5568
-0.092425 0.075248 0.110273 0.989005 4898 5760
0.228644 -0.201814 -0.247785 0.971698 4906 4956
0.031068 -0.007154 0.130405 0.969202 4911 6790
0.056297 -0.023914 0.069577 0.936445 4914 6167
-0.060548 0.002347 0.068314 0.950757 4914 6407
-0.146794 -0.000427 0.179848 0.988476 4916 5779
0.018898 -0.118698 0.329423 0.970515 4924 5495
-0.109886 -0.137764 0.234520 0.953293 4936 5558
0.204921 -0.289191 -0.261825 0.710007 4937 4990
-0.181494 0.024175 0.042185 0.947527 4940 5914
0.086017 -0.216727 0.260955 0.613724 4947 5004
-0.064428 0.067982 0.065987 0.792631 4951 6150
-0.000279 -0.032574 0.101499 0.965400 4972 7104
0.028476 -0.083026 0.118618 0.985051 4976 5792
-0.070833 -0.000813 0.082933 0.930550 4978 6560
-0.043503 0.093399 0.120408 0.882180 4982 5739
-0.495938 -0.140640 -0.010729 0.853198 4989 5044
-0.018812 -0.138705 0.217049 0.997942 4996 5697
-0.060461 -0.067935 0.025294 0.944666 4999 5458
0.113947 0.056128 0.157621 0.922053 5010 5655
-0.234607 0.059939 0.240435 0.949495 5014 5329
0.169791 -0.075569 0.085677 0.980478 5030 5173
-0.094028 -0.070600 0.184638 0.927866 5041 5850
-0.025341 -0.087443 0.128069 0.995897 5043 6021
-0.473201 0.059343 0.155905 0.964662 5044 5250
-0.058541 0.217294 0.092479 0.966968 5049 5646
-0.450623 -0.072585 0.125528 0.911293 5050 5201
-0.001308 0.123179 0.086107 0.988296 5059 6097
-0.023916 0.292831 0.095400 0.931172 5066 5168
-0.010915 0.041511 0.154708 0.961400 5075 6116
-0.005222 -0.219280 0.114528 0.790753 5077 5287
-0.063421 0.161037 0.331631 0.997387 5077 5788
0.195189 0.078092 0.015485 0.976023 5078 5439
-0.106326 -0.101385 0.116528 0.972328 5078 6062
-0.043759 -0.130829 0.101908 0.980672 5080 5890
0.087210 0.224694 0.181924 0.961992 5086 5595
0.162294 -0.061813 0.096581 0.995831 5087 5497
0.000849 -0.130056 0.119497 0.969414 5089 6430
-0.032422 -0.120063 -0.052417 0.811948 5096 5153
-0.088040 0.107002 0.067040 0.780068 5096 6877
-0.046883 -0.084317 0.023819 0.772201 5096 7181
0.012142 -0.110728 0.066788 0.890938 5106 6150
0.216344 -0.075506 0.151837 0.997150 5107 5522
-0.068340 0.078549 0.234032 0.937824 5112 5836
-0.080618 -0.327937 0.064955 0.994427 5113 5523
-0.195561 -0.075872 0.217991 0.931949 5116 6504
-0.080964 0.076716 0.014446 0.929870 5133 6014
0.052765 -0.056272 0.018139 0.914409 5133 7054
-0.099402 0.009567 0.205844 0.975323 5133 7628
-0.102140 -0.030365 0.102788 0.962185 5142 5686
-0.070976 0.072871 0.134075 0.982845 5145 6022
0.155131 -0.129553 0.075671 0.977019 5155 6535
0.031993 -0.094738 -0.053298 0.878909 5157 5568
-0.055739 -0.236574 0.168195 0.911026 5157 6340
-0.110280 -0.084056 0.071154 0.988595 5157 6775
0.130879 -0.220172 0.127224 0.992532 5160 5610
-0.115623 -0.068547 0.062334 0.847379 5177 5792
-0.127788 0.110291 -0.013789 0.965195 5180 5487
0.189221 0.002209 0.104329 0.992638 5183 5295
-0.313251 -0.006031 0.181445 0.937225 5193 5690
0.348711 -0.125593 0.086716 0.837962 5199 5563
-0.062548 0.180917 0.077261 0.841602 5199 5695
-0.159464 0.200100 0.129628 0.987596 5208 5516
-0.028635 -0.016882 0.123159 0.970247 5211 5872
0.179462 -0.177655 0.071750 0.780599 5218 5581
-0.036770 0.156318 0.189236 0.735279 5220 6682
0.019904 -0.151925 -0.044783 0.956960 5233 5344
-0.097510 -0.108435 0.130685 0.922667 5233 6688
0.070545 0.109321 0.103435 0.813406 5236 5792
-0.102868 0.214909 0.068518 0.975878 5239 5350
-0.114397 0.123082 0.157372 0.897867 5250 5854
-0.056737 0.047688 0.140566 0.825530 5251 6076
-0.124259 -0.192937 0.225171 0.960508 5253 5559
-0.032882 -0.129795 0.104051 0.843410 5253 5693
-0.014395 -0.076256 0.111723 0.954878 5259 5702
0.211358 0.016223 0.287329 0.994970 5259 5919
0.024313 0.047581 0.163111 0.860034 5261 6200
-0.158845 -0.083330 0.230196 0.983304 5266 5710
0.026650 -0.070604 0.044202 0.795686 5282 6470
-0.028857 0.043150 0.086672 0.918057 5297 7016
-0.132864 -0.096102 0.056586 0.920074 5298 5847
-0.133510 -0.067524 0.152327 0.992786 5306 5902
-0.146837 0.042161 -0.005298 0.968309 5308 5639
-0.103109 -0.000662 0.037085 0.996185 5308 6480
-0.044088 -0.067210 0.118103 0.976040 5308 7174
-0.033204 0.006919 0.074264 0.924056 5308 7547
-0.119075 0.161917 -0.003037 0.879757 5328 5375
-0.018593 -0.121091 0.498630 0.931327 5339 5667
-0.038048 -0.032822 0.187681 0.988627 5343 6358
0.001652 -0.110484 -0.011026 0.965312 5350 6178
-0.090020 0.121643 0.128434 0.959177 5356 6369
-0.081888 0.137043 0.002875 0.993058 5358 5405
-0.025723 -0.119754 0.054416 0.982075 5362 6087
-0.060814 -0.098587 0.183361 0.956427 5365 6338
0.031393 0.099174 0.168246 0.909408 5366 6040
0.063519 -0.057221 0.027425 0.878364 5370 6096
-0.011755 0.153472 0.285881 0.953777 5378 5524
0.132260 -0.075480 0.083785 0.957391 5379 5720
-0.190629 -0.079009 0.275455 0.995865 5382 5718
-0.001374 -0.017133 0.102125 0.902567 5388 6637
-0.184141 -0.021224 -0.120081 0.766984 5397 5630
0.017360 0.078791 0.177845 0.920492 5397 6603
0.228884 0.148768 0.149146 0.955090 5399 5593
-0.104407 0.072413 0.190921 0.974294 5401 6272
0.025790 -0.328688 0.114429 0.972049 5406 5636
-0.181823 -0.005818 0.075143 0.897979 5413 5863
-0.039690 -0.090245 0.045320 0.730217 5413 6241
0.190902 0.096681 -0.024213 0.921491 5413 6537
-0.047358 -0.114944 0.065261 0.954130 5419 7404
0.102876 -0.125162 0.110184 0.975221 5420 6057
0.164112 0.122020 0.220155 0.974120 5425 6109
0.059493 -0.036592 0.275705 0.959023 5432 6170
-0.124813 0.031336 0.053087 0.994857 5454 5601
-0.003260 0.086905 0.013343 0.969363 5455 6086
0.075479 0.151839 0.073619 0.978899 5456 5815
0.145762 -0.170152 0.011447 0.876366 5458 5983
0.122072 -0.100836 0.029690 0.999891 5463 6155
0.140580 0.131641 0.242152 0.993637 5463 6348
0.013577 -0.039670 0.072844 0.662675 5465 6498
-0.098279 -0.085016 0.230986 0.987250 5466 6934
-0.149998 -0.190043 0.341255 0.969014 5499 5967
0.048405 0.162651 0.026654 0.938391 5507 5562
-0.061540 -0.051992 -0.064244 0.685449 5524 5926
-0.049473 0.088502 0.036745 0.741764 5524 6302
-0.124057 -0.138542 -0.050468 0.922999 5524 6730
0.135042 0.061108 0.071469 0.695932 5524 7198
0.151366 0.869394 0.103450 0.814805 5528 5578
0.011538 -0.192584 -0.023725 0.909536 5540 5676
-0.090828 0.123375 0.235998 0.892419 5544 6321
-0.148217 0.045739 0.014026 0.859889 5546 6124
-0.040274 -0.130951 0.020965 0.995620 5550 7583
-0.138211 -0.016569 0.062709 0.926226 5550 7629
0.125530 0.013775 0.138292 0.923720 5550 7667
-0.147123 0.029694 0.173418 0.918258 5553 6129
0.163263 0.009527 0.059919 0.518232 5559 5693
0.019457 -0.120835 0.047048 0.984825 5568 6394
0.077275 0.018950 0.133956 0.993362 5576 6845
0.232695 -0.231707 0.196422 0.986340 5584 5776
-0.028390 -0.029719 0.121603 0.986454 5596 7227
-0.508690 0.266439 0.044051 0.940421 5605 5644
0.026292 -0.111744 0.111324 0.964989 5610 6618
-0.119892 -0.040856 0.068533 0.973242 5614 6543
0.118395 0.043162 0.155021 0.991485 5619 6355
-0.299435 0.032677 0.116373 0.970206 5621 6060
-0.000367 -0.084710 0.243061 0.695306 5627 5886
0.023774 0.145224 -0.007833 0.957390 5646 5916
0.048275 0.014219 0.204889 0.970929 5664 6632
-0.058292 -0.146247 0.206317 0.977026 5669 6313
0.180910 -0.084157 0.096388 0.978599 5670 5940
-0.124260 -0.048128 0.128217 0.980616 5686 7666
-0.044060 0.050496 0.198543 0.923136 5696 6291
-0.097212 0.003950 0.062697 0.791512 5702 7602
-0.029320 -0.070581 0.088752 0.986345 5703 6985
-0.009708 -0.026579 0.143397 0.990822 5707 7192
0.189726 -0.170636 0.143340 0.859832 5708 6047
-0.102505 -0.103973 0.146529 0.911424 5714 6254
-0.025184 -0.052776 0.172650 0.982014 5718 7095
-0.044877 0.068170 0.314502 0.975403 5719 6306
-0.114606 0.008331 0.069035 0.879369 5723 6732
-0.011347 0.007759 0.135705 0.916457 5732 6641
0.337971 -0.230967 -0.183476 0.728288 5736 5794
0.072067 -0.089577 0.191157 0.936962 5737 6272
0.010445 -0.056237 0.094315 0.974568 5739 7166
-0.152062 0.051888 0.129575 0.983287 5745 6379
-0.137194 0.057781 -0.017832 0.976737 5771 5878
-0.068848 -0.128345 0.082620 0.711508 5771 6629
-0.096971 -0.026373 0.178309 0.806970 5774 6793
-0.098900 -0.056982 0.161747 0.946119 5777 6856
-0.049976 -0.168227 0.196062 0.942091 5779 6510
-0.094991 0.014865 0.204221 0.993061 5779 6857
-0.043928 -0.102708 0.105935 0.998512 5786 6858
0.113506 -0.213894 -0.008401 0.768925 5792 5845
0.039401 0.121263 0.036270 0.983634 5792 7213
-0.073444 -0.039594 0.124101 0.983844 5795 6473
-0.096144 0.047328 0.082513 0.950100 5799 6697
0.033573 -0.153310 0.055469 0.929395 5810 6077
-0.108498 -0.000517 0.212880 0.842465 5816 6139
0.014429 -0.080143 0.138999 0.869381 5820 6540
-0.018627 -0.270755 0.097570 0.937846 5826 7564
0.071158 0.086360 0.118022 0.987502 5828 6843
0.079491 0.112651 0.158666 0.958959 5830 6935
-0.206163 0.081963 0.040010 0.946600 5833 6203
0.067714 -0.003389 0.146007 0.989761 5836 6787
-0.069134 -0.002129 0.246573 0.993646 5848 6811
0.247752 0.107540 0.309209 0.985549 5865 6489
0.026755 -0.021108 0.171659 0.902935 5871 6843
0.081565 0.037764 0.174535 0.921684 5874 6848
0.146929 0.287106 0.321809 0.970372 5879 6208
0.282283 0.004957 0.044918 0.885555 5885 6118
0.011546 0.163703 0.248450 0.939818 5891 6515
-0.077183 0.052068 0.264939 0.980276 5893 6563
0.098231 0.474845 0.075923 0.857031 5910 6033
-0.087147 -0.183373 0.118142 0.979953 5914 5916
0.046175 -0.057298 0.183913 0.966836 5922 6583
0.144823 0.004769 0.104721 0.997472 5925 6893
-0.019823 0.145974 0.194688 0.933993 5926 6454
-0.065352 -0.049154 0.178301 0.986438 5926 6668
-0.124052 -0.022931 0.159253 0.995088 5928 6255
0.286731 0.632862 0.422931 0.991356 5932 6057
-0.125979 -0.248241 0.191448 0.983527 5934 6459
-0.202119 -0.002443 0.061246 0.966984 5936 6504
-0.106902 -0.042588 0.057650 0.936629 5943 6116
-0.113510 -0.023799 0.105955 0.983818 5947 6316
-0.107872 0.030338 0.114901 0.997679 5948 6642
0.145790 -0.016672 0.157567 0.987776 5949 6559
0.178444 -0.082298 0.229440 0.977914 5952 6517
0.077580 -0.106435 0.117560 0.981137 5964 7055
-0.089025 0.088414 -0.007523 0.926361 5979 6240
0.022799 0.065916 0.120879 0.934758 5979 7240
-0.063875 -0.025094 0.155469 0.955203 5979 7281
-0.159297 -0.247154 0.058441 0.953238 5981 6041
0.119473 -0.147391 0.059346 0.941797 5985 6341
-0.015313 0.025512 0.105865 0.728490 5985 6540
0.138614 0.112993 0.019661 0.976649 5990 5993
-0.121528 -0.103949 0.208758 0.866798 5991 6455
0.443251 0.329235 0.384784 0.994253 5992 6304
-0.051053 -0.099595 0.042223 0.808563 5993 6501
-0.243051 -0.023858 0.124154 0.963414 5999 6546
-0.260839 0.046697 0.214460 0.878153 6005 6359
-0.002539 -0.038438 0.177885 0.959653 6013 6959
-0.126097 -0.088276 0.151815 0.970409 6027 6654
-0.296720 0.066639 0.305722 0.949277 6039 6534
0.233034 0.056870 0.126882 0.965556 6039 6616
-0.068668 -0.057030 0.179331 0.952464 6040 6882
-0.013303 -0.043271 0.325504 0.981978 6051 6727
-0.212036 0.079661 0.051441 0.975165 6059 6357
-0.178027 0.019899 0.236214 0.838943 6064 6518
0.130632 -0.236956 0.069938 0.773232 6065 6181
0.193805 0.041865 0.111853 0.840253 6071 6479
-0.064747 0.296660 0.206228 0.885895 6073 6428
-0.137546 -0.029705 0.136705 0.905523 6075 6769
-0.017848 -0.129117 0.005495 0.992605 6081 6331
-0.036413 -0.086111 0.049424 0.917345 6087 7424
0.110981 0.052677 0.114028 0.993797 6096 6990
-0.007985 -0.076729 0.058597 0.996336 6097 7433
-0.036981 -0.179926 0.222397 0.765427 6116 7044
0.004479 -0.004414 0.132334 0.908891 6127 7166
-0.122117 -0.035924 0.075290 0.958978 6130 6373
-0.094458 -0.064868 0.050076 0.922760 6143 7837
0.088835 0.023867 0.160260 0.952662 6146 6397
-0.058363 -0.160130 0.074452 0.882231 6147 6782
-0.237277 -0.181873 0.068520 0.967652 6150 6664
0.045997 -0.089549 0.128043 0.991445 6153 6585
0.016076 -0.045195 0.168364 0.998044 6162 7256
0.024430 -0.001022 0.174443 0.984843 6164 7257
-0.196441 -0.011547 0.018349 0.624030 6165 6686
0.058529 -0.032511 0.067480 0.627039 6165 7154
-0.088045 -0.056332 0.091667 0.990121 6167 7783
0.104825 -0.653186 0.178938 0.953926 6175 6416
0.047282 0.121642 0.388906 0.990662 6179 6908
-0.092059 -0.019374 0.088054 0.985402 6183 7315
0.056798 -0.229057 0.200643 0.974676 6187 6653
-0.227751 -0.064762 0.452834 0.987964 6210 6798
-0.046004 -0.197092 0.242284 0.992836 6215 6903
0.004295 0.095522 0.040965 0.963507 6220 6690
-0.042208 -0.072930 0.120236 0.905693 6230 7167
0.070372 -0.078798 0.141064 0.993625 6234 7323
0.097313 0.216646 0.131727 0.991142 6238 6484
-0.044756 -0.032297 0.248004 0.950916 6238 6980
-0.042642 -0.117770 0.075003 0.956716 6241 7481
0.010654 -0.214749 0.005952 0.737218 6244 6925
-0.141654 0.021982 0.038139 0.962611 6246 6717
-0.113007 -0.148954 0.039343 0.968651 6249 6618
-0.029512 -0.281109 0.193369 0.958799 6257 6627
0.086745 0.101061 -0.068371 0.767576 6271 6369
-0.091604 -0.246791 0.115635 0.995284 6271 7014
0.078297 -0.008224 0.157374 0.942210 6279 7230
-0.137417 -0.029065 0.250397 0.995855 6280 7169
0.127742 0.032521 0.096545 0.989257 6303 6999
-0.012860 -0.012607 0.120445 0.897876 6303 7610
0.040771 -0.000658 0.125947 0.989216 6306 7805
-0.073586 -0.158353 0.164320 0.990383 6318 6904
-0.078611 0.014257 0.177825 0.999478 6323 7502
0.093730 -0.067962 0.116663 0.995714 6324 6911
-0.058316 -0.111900 0.093509 0.842558 6324 6961
-0.028240 -0.130258 0.228390 0.835358 6340 6885
-0.065837 0.049267 0.051463 0.813032 6341 6540
0.047724 -0.132303 0.075739 0.987027 6346 6723
-0.092522 -0.390056 0.090790 0.996404 6349 6498
-0.150707 0.002226 0.085658 0.904244 6354 6681
-0.205647 -0.251719 0.235212 0.993872 6373 7120
-0.071979 -0.052270 0.117072 0.949875 6373 7790
0.054644 -0.060315 0.126189 0.994012 6373 7923
0.374988 0.240274 -0.097177 0.818431 6375 6429
-0.043408 0.171717 0.091480 0.985554 6375 7121
0.193201 0.302131 0.127583 0.979551 6377 6653
-0.080718 -0.100154 0.132650 0.976888 6378 6768
-0.060500 0.026322 0.253692 0.959806 6384 7471
0.040598 -0.094963 0.183251 0.966306 6386 7130
0.046717 -0.035998 0.132251 0.945792 6393 6983
0.035782 0.041948 0.245909 0.999716 6395 7355
-0.041966 0.136935 -0.066402 0.892912 6400 6623
0.059979 -0.146342 0.079013 0.987171 6401 7254
-0.112450 0.143876 0.012125 0.973049 6406 6504
-0.149665 0.046748 0.037662 0.976506 6407 6853
0.073553 -0.027221 0.057165 0.977657 6407 7783
-0.124074 -0.206260 0.188330 0.957175 6411 6745
-0.023266 -0.370457 -0.022450 0.800098 6412 6512
-0.097297 -0.046299 0.280670 0.971447 6426 7165
0.004561 0.075819 0.131247 0.998767 6433 7322
0.053286 -0.018932 0.153155 0.866674 6435 7388
-0.314804 0.232129 0.059164 0.794769 6436 6528
0.184248 0.109055 -0.111871 0.824177 6440 6442
0.057486 -0.007828 0.112832 0.950223 6440 7891
0.076301 0.020736 0.202458 0.970187 6446 7428
-0.064847 -0.296677 0.112085 0.980532 6459 6460
0.119218 0.016741 0.182477 0.979829 6467 7205
0.124103 -0.126708 0.214945 0.940948 6472 7221
0.011378 0.181805 -0.008817 0.972455 6473 6810
-0.362283 0.025984 -0.016658 0.930189 6476 7161
-0.056032 0.116569 0.009769 0.881562 6476 7224
0.002744 -0.049079 0.054481 0.991599 6476 7987
0.159250 0.017264 0.047582 0.500251 6479 6763
0.166622 0.042756 0.120685 0.976296 6479 7461
-0.035664 0.181934 0.464169 0.736432 6494 7247
-0.083802 0.004535 0.029964 0.848571 6498 6843
-0.190285 -0.041060 0.034433 0.977924 6504 6945
-0.100681 -0.083520 0.093626 0.998044 6504 7778
-0.074377 0.021178 0.196861 0.893471 6521 6870
-0.013566 -0.145089 0.193084 0.702699 6523 7060
-0.328953 0.090501 0.150723 0.985409 6525 6654
0.051919 0.010291 0.172999 0.993866 6536 7520
-0.005400 -0.034499 0.105126 0.999016 6538 7927
0.007704 0.119739 0.239226 0.983380 6541 7078
0.025460 -0.003395 0.199132 0.990347 6564 7540
0.070421 0.185129 0.076853 0.892958 6565 6646
0.009612 0.322725 0.194197 0.985964 6594 7447
-0.121751 0.030215 0.037615 0.747004 6595 6901
0.038697 -0.333561 -0.015393 0.999365 6600 6804
-0.253878 0.069553 0.305751 0.996987 6605 7223
0.049359 -0.264624 0.133734 0.969546 6612 7023
-0.018133 -0.110171 0.212997 0.955541 6617 7356
0.154858 -0.061075 0.170761 0.998154 6620 7249
0.098417 -0.086496 0.089784 0.994586 6630 7530
-0.061272 -0.086154 0.198211 0.941167 6633 7488
-0.074878 0.047051 0.077860 0.966797 6650 7166
-0.055536 -0.074603 0.138664 0.964321 6660 7716
0.122442 -0.058088 0.223784 0.956473 6662 7189
-0.206466 -0.074941 -0.073124 0.956009 6667 7141
0.168542 -0.180044 0.127639 0.997971 6678 6733
-0.027654 -0.094712 0.048239 0.894772 6681 7362
-0.089297 -0.084215 0.068606 0.809748 6682 7037
-0.125311 0.173719 0.228953 0.947414 6686 7300
-0.025706 -0.152113 0.064488 0.996044 6687 7208
-0.156520 -0.083685 0.237581 0.887093 6688 7260
0.060727 0.108338 0.023632 0.877886 6690 6750
-0.176951 0.108260 0.171366 0.999605 6690 6957
0.110381 -0.339783 -0.150199 0.704006 6701 6973
0.026063 -0.065125 0.219209 0.998951 6702 7466
-0.009111 -0.078404 0.074138 0.962932 6714 7681
-0.105416 -0.095735 0.030971 0.977798 6725 6843
0.070314 0.020499 0.110259 0.998734 6738 7784
-0.030595 -0.143137 0.232094 0.877028 6743 7304
0.022941 0.210983 0.138426 0.980389 6747 7111
-0.088905 -0.110446 0.085869 0.981572 6749 7214
0.048735 -0.047946 0.146194 0.947186 6763 7461
-0.055188 -0.109977 0.144013 0.868706 6766 7812
0.071766 -0.016647 0.261811 0.971075 6773 7393
-0.060092 -0.222786 0.123784 0.969060 6776 6884
-0.024478 -0.039246 0.314877 0.961231 6780 7688
0.033605 0.169125 0.039020 0.980491 6781 7082
0.143760 -0.002087 0.133485 0.976573 6790 7613
0.089320 -0.122415 0.076459 0.911134 6791 7096
0.066309 -0.130234 0.105733 0.985955 6804 7454
-0.029306 -0.004185 0.102761 0.964530 6814 7939
-0.330415 -0.073770 -0.113838 0.943347 6826 6877
0.045402 -0.056034 0.214683 0.954461 6840 7524
-0.086141 0.230975 -0.076929 0.966405 6843 7139
0.070153 -0.042889 0.063057 0.629679 6843 7692
-0.007268 0.012793 0.212202 0.945187 6855 7615
0.121424 0.084061 0.191830 0.899006 6858 7496
-0.182994 -0.138493 0.214647 0.963074 6878 7421
0.209676 -0.224025 0.101031 0.942745 6880 7425
-0.098917 -0.114387 0.135267 0.978031 6903 7495
-0.162835 -0.098650 0.006890 0.973956 6911 6961
0.024189 0.010983 0.166293 0.964995 6911 7867
-0.044924 -0.275788 0.189064 0.951194 6915 7382
-0.110219 0.098173 0.087813 0.957573 6925 7683
0.076998 -0.009924 0.279368 0.847232 6933 7293
-0.253286 -0.289507 0.220577 0.968585 6934 7252
-0.008894 -0.024749 0.222749 0.970709 6943 7654
-0.187725 0.098742 0.102404 0.973390 6947 7568
-0.059213 0.093820 0.267142 0.824154 6984 7684
-0.090073 0.094213 0.030915 0.990420 6986 7283
0.172510 -0.183653 0.004708 0.995576 6992 7142
-0.105792 -0.058606 0.016813 0.961390 6999 7610
-0.153132 -0.112323 0.208732 0.870662 7009 7371
0.052194 0.267724 0.046029 0.859653 7013 7014
0.068581 -0.076359 0.254956 0.870703 7013 7413
0.159944 -0.209024 0.216818 0.828472 7017 7378
-0.213596 0.099838 0.311922 0.960588 7024 7509
-0.012640 0.013374 0.216445 0.979894 7029 7819
-0.169245 0.152367 0.026551 0.999211 7032 7325
-0.167419 -0.204098 -0.017928 0.860657 7033 7075
0.133396 -0.005455 0.222438 0.970106 7033 7523
-0.100032 -0.158848 0.179962 0.764632 7035 7357
-0.088459 -0.090192 0.152552 0.974792 7037 7748
0.067596 -0.212635 0.069145 0.730347 7041 7784
-0.133547 -0.021323 0.209239 0.967081 7050 7498
-0.086426 0.156429 0.054095 0.970940 7069 7513
0.228641 0.239731 0.294501 0.967018 7086 7357
-0.045098 -0.105706 -0.008220 0.961116 7096 7929
-0.165736 -0.136667 0.047567 0.874607 7096 7970
0.020166 -0.073789 0.139932 0.981475 7099 7929
-0.123913 0.163086 0.294398 0.964000 7103 7622
-0.096629 -0.133975 0.120848 0.909119 7110 7660
-0.038369 0.184240 0.295452 0.777649 7120 7790
0.123478 0.096519 0.084171 0.935683 7134 7837
0.073503 -0.063397 0.271618 0.928352 7142 7650
0.044068 -0.092624 0.110519 0.977362 7154 7930
-0.570847 -0.049521 0.066951 0.935183 7168 7229
0.050636 -0.092466 0.058528 0.720087 7185 7426
0.131320 -0.073647 0.126549 0.990241 7192 7743
-0.055771 0.170967 0.006620 0.971228 7207 7303
-0.133256 0.057836 -0.000831 0.884506 7243 7837
-0.048885 -0.040740 0.201304 0.971751 7261 7883
0.254814 0.055524 -0.062079 0.952660 7276 7912
-0.076879 0.074121 0.114325 0.994851 7282 7892
-0.176324 0.169107 0.142785 0.957133 7285 7427
0.163458 -0.052739 0.154258 0.993822 7285 7837
0.268073 -0.142022 0.102425 0.971912 7304 7573
0.111843 -0.093982 0.227109 0.900952 7308 7806
-0.099681 0.202900 0.279548 0.961965 7313 7725
0.008326 -0.150922 0.103231 0.995931 7316 7664
0.034611 -0.138494 0.065873 0.986329 7349 7595
-0.078879 -0.110127 0.097631 0.759455 7354 7522
-0.150502 -0.150486 0.300513 0.911855 7359 7745
-0.088192 -0.162816 0.148183 0.999210 7362 7824
0.146214 0.028642 0.250517 0.896018 7391 7818
-0.213480 -0.247749 0.179649 0.959500 7394 7600
-0.122104 -0.183191 0.336769 0.990600 7397 7801
0.203847 0.012437 0.365983 0.737722 7416 7545
0.021488 -0.178720 -0.017961 0.924306 7420 7466
-0.197982 -0.214989 0.160151 0.980277 7434 7803
0.223204 -0.125952 0.015686 0.998009 7444 7622
-0.125024 0.030696 0.002877 0.974706 7451 7537
0.051616 -0.263239 0.083093 0.951129 7466 7631
-0.102425 0.100610 -0.000128 0.996284 7477 7595
0.107235 -0.254397 0.121954 0.952872 7486 7909
-0.021711 0.074080 0.150290 0.934267 7504 7704
-0.144126 0.030308 0.174782 0.996436 7511 7905
-0.281595 -0.099858 0.059855 0.959685 7519 7677
-0.106584 -0.219959 0.120570 0.906286 7522 7975
-0.063100 -0.049514 0.194430 0.972322 7530 7825
-0.045458 -0.145231 0.154009 0.996749 7533 7911
0.044861 -0.130507 0.101744 0.989338 7534 7882
0.076858 -0.155046 -0.107546 0.995247 7558 7717
0.107879 -0.020044 0.329895 0.977999 7565 7897
0.076065 -0.079847 0.219058 0.971172 7587 7903
-0.033052 0.176610 0.068953 0.854335 7602 7603
-0.069175 0.308456 -0.031277 0.954235 7607 7776
-0.039980 0.203031 0.273622 0.992856 7623 7624
-0.093030 0.179042 0.062605 0.895593 7645 7836
0.094913 -0.096597 0.282383 0.926971 7671 7831
-0.067035 0.129693 0.076231 0.991200 7672 7903
-0.168316 0.041565 0.212619 0.917141 7691 7860
0.025358 -0.071681 0.047075 0.821885 7723 7780
-0.047930 0.052589 0.043270 0.999980 7723 7805
0.021423 0.160430 0.039075 0.983835 7740 7858
-0.113229 -0.294243 0.058899 0.820697 7798 7915
-0.037608 -0.063212 0.154230 0.861117 7805 7981
-0.077355 -0.051332 0.193709 0.894834 7812 7960
0.150261 -0.133356 0.071741 0.994429 7825 7962
-0.034621 0.166939 0.042215 0.997258 7884 7939
0.088243 -0.318011 0.115734 0.979267 7918 7945
