0.112850 0.108915 0.271742 0.998139 5 990
-0.237297 -0.163925 0.257497 0.940766 7 1053
-0.194340 -0.024981 0.069602 0.993670 31 294
-0.299151 0.131735 0.115782 0.960107 38 72
0.022760 0.056586 0.354995 0.946610 38 641
0.003550 -0.098946 0.116750 0.799504 39 1333
-0.070459 -0.017987 0.071302 0.998323 46 930
-0.028357 0.029531 0.167112 0.973095 62 1684
-0.099549 -0.110236 -0.085553 0.973481 63 214
0.031408 0.216812 0.114619 0.924219 72 475
0.141599 -0.013180 0.234442 0.967971 72 641
-0.326563 0.013010 0.129286 0.746719 74 112
-0.073455 -0.105911 0.225761 0.940654 76 1384
0.034963 0.094802 0.406803 0.965874 90 882
-0.064446 -0.003587 0.276261 0.990104 117 1178
0.226940 -0.106777 0.226961 0.887555 133 504
0.233869 -0.180388 0.385871 0.997766 140 891
-0.021385 0.202800 0.100115 0.754235 140 1137
-0.024261 -0.104879 0.343858 0.960665 141 1094
-0.103804 -0.135801 0.122287 0.985691 150 852
-0.070357 -0.150608 0.250861 0.909521 152 855
0.022149 -0.065587 0.215198 0.992611 157 1535
0.072109 0.077797 0.247775 0.956485 166 1112
-0.153853 -0.143019 0.096771 0.983464 170 643
-0.109867 0.156654 0.141723 0.986672 177 1067
0.049998 0.264795 0.214180 0.835041 209 530
0.093687 -0.018153 0.402545 0.996709 212 1154
-0.287559 0.035788 0.149234 0.982667 218 623
0.010812 -0.146143 0.095865 0.989949 243 1005
0.017484 -0.016438 0.180244 0.848846 248 1340
0.140110 -0.078719 0.126309 0.971249 251 1075
-0.098002 0.178412 0.087867 0.992419 252 323
0.037854 0.037856 0.246417 0.975786 280 1144
-0.145446 0.094933 0.264747 0.993517 283 1528
0.014138 -0.168171 0.125317 0.944090 287 1214
-0.043434 0.050975 0.160961 0.980480 294 1791
0.026735 -0.085528 0.080927 0.990883 298 1896
0.116921 0.074697 0.151512 0.996789 300 1278
-0.011851 -0.113057 0.143688 0.992503 300 1642
0.029588 -0.089073 0.101805 0.991860 307 1650
-0.110751 0.003408 0.094752 0.947394 310 1492
-0.086862 0.108334 0.326125 0.984592 311 1238
-0.113425 0.129491 0.162601 0.986239 312 1180
0.035370 -0.123453 0.087812 0.997302 320 1550
-0.077387 0.104829 0.114952 0.997198 323 1550
0.078889 0.118496 0.042885 0.858040 332 665
-0.041069 0.178892 -0.017496 0.999559 342 418
0.225074 -0.005023 -0.034271 0.947868 342 1719
-0.036446 0.019161 0.172818 0.998009 342 1819
-0.044527 -0.210299 0.025583 0.985322 357 694
-0.022289 0.105791 0.042210 0.975079 362 447
0.030216 -0.089566 0.157226 0.966185 362 2046
0.066276 -0.323757 0.083732 0.962968 403 575
0.035925 0.111538 -0.043790 0.942623 421 1082
0.066865 -0.095228 -0.005991 0.995525 421 2198
-0.028908 0.089304 0.027280 0.990889 421 2539
0.132728 0.086423 0.102452 0.962378 421 3403
-0.044007 0.017031 0.105087 0.980547 421 3967
0.203034 -0.199149 0.026578 0.994889 425 588
-0.386173 -0.007676 0.025597 0.878677 430 887
-0.055113 -0.296814 0.245457 0.909168 431 830
0.010684 -0.177642 0.040628 0.998547 434 892
-0.205166 -0.065233 0.041603 0.755384 435 1137
0.013632 0.097440 0.041279 0.975037 440 1365
0.103970 -0.044982 0.109248 0.901536 440 1832
0.123114 -0.105476 0.191955 0.955186 489 1010
0.072908 0.226265 0.046288 0.994187 490 1010
-0.138223 0.148154 -0.013986 0.997093 491 573
0.097923 -0.171201 0.037309 0.986082 491 657
-0.078993 0.058731 0.120090 0.988964 497 1655
0.040920 0.021175 0.226703 0.984116 521 1665
0.138865 0.033810 0.112286 0.998854 530 2974
0.017468 0.099988 0.133449 0.960811 541 1786
0.061625 0.051922 0.040415 0.713182 548 1478
-0.242431 0.007948 0.052602 0.999028 550 985
-0.029316 -0.163101 0.025299 0.940480 557 637
-0.168328 0.070042 0.215391 0.996379 569 1289
0.026769 0.048017 0.134782 0.994675 571 2302
0.153907 0.070359 0.206284 0.986544 572 1393
-0.092736 0.106396 -0.007700 0.905512 578 1015
-0.096610 0.076465 0.199201 0.986187 582 1557
-0.028846 -0.053645 0.158252 0.953720 587 1770
-0.031425 0.023325 0.118141 0.731851 592 1613
0.296139 -0.026141 0.229407 0.981370 596 1565
-0.121253 -0.275141 0.221827 0.911382 599 1940
-0.056591 -0.153175 0.106568 0.994136 601 1833
0.155265 0.139037 0.096953 0.985003 608 1213
-0.108711 -0.230630 0.152580 0.941493 619 1102
-0.248212 0.012939 -0.158226 0.956965 628 793
0.084894 -0.158950 -0.046041 0.967631 637 1336
0.016627 -0.166285 0.108746 0.831998 637 2064
0.035482 0.014725 0.060927 0.844859 637 3172
0.124704 0.057165 0.073155 0.986694 642 1587
-0.000554 0.192850 0.019119 0.992505 664 744
0.046993 0.057293 0.168632 0.747171 665 1442
-0.081101 0.184085 0.123850 0.997638 668 1300
0.087252 -0.167159 0.028692 0.999920 696 968
0.118205 -0.157505 0.164354 0.957482 703 974
0.257001 -0.026679 0.316788 0.898274 703 1147
-0.029916 -0.141462 0.009268 0.850799 706 1040
-0.076820 0.168278 0.354693 0.976320 715 1422
-0.006352 0.009762 0.085305 0.907297 719 1639
-0.056963 0.211885 0.044662 0.981591 733 1008
0.037836 -0.111911 0.062405 0.966864 734 1392
0.090126 -0.196971 0.034375 0.938305 736 1120
0.100380 -0.135840 0.080719 0.991186 739 1187
0.157413 -0.105994 0.254742 0.997984 752 1400
-0.022361 -0.144789 0.137441 0.993752 755 1610
0.057063 0.116801 -0.002086 0.838858 758 1085
0.105082 0.305250 0.155955 0.854257 760 761
0.140971 -0.207282 -0.021223 0.913942 777 978
-0.043909 -0.108454 0.200358 0.939247 778 1572
0.090971 -0.123180 0.062323 0.901098 779 909
-0.026756 -0.104660 0.118263 0.987973 783 1678
-0.104480 -0.009534 0.120456 0.930416 785 1786
0.038909 -0.148132 0.262014 0.998975 788 1419
0.049985 -0.114365 0.010897 0.998738 803 1492
0.103841 -0.010190 0.075631 0.986681 805 1746
0.011646 0.010470 0.157808 0.995379 809 2179
-0.006734 -0.099629 0.093283 0.952220 818 1766
-0.039684 -0.069605 0.088766 0.975668 821 2445
0.011932 0.132386 0.018290 0.819386 822 1719
0.019470 0.243092 0.369156 0.993270 824 2256
-0.109435 -0.071385 0.162374 0.967774 828 1517
0.022554 0.076026 0.184895 0.948401 838 1779
-0.104961 0.030525 0.097383 0.901282 839 1257
-0.064446 -0.116468 0.115286 0.986948 839 1886
-0.080681 -0.033566 0.131059 0.960134 845 1890
-0.008427 0.034595 0.143841 0.951991 847 2161
-0.038722 -0.059687 0.207393 0.768350 850 1465
-0.045706 -0.159211 0.062405 0.986552 878 1504
-0.056143 -0.057640 0.160374 0.946110 882 1870
-0.045587 0.091421 0.118533 0.832745 887 1563
-0.056921 0.087675 -0.058871 0.851257 891 1137
0.024546 -0.175688 0.070636 0.961958 891 1522
0.048713 0.209881 0.144101 0.987434 891 1523
-0.014751 0.081334 0.087686 0.683439 903 1670
-0.172078 0.059200 0.097833 0.996793 915 1892
0.082637 -0.015598 0.058891 0.968866 921 1896
-0.113108 -0.014572 0.136107 0.983244 921 2339
0.085035 -0.023513 -0.065338 0.989099 930 1494
-0.112905 0.007885 0.044691 0.763222 930 2235
-0.007737 0.099795 0.018661 0.943213 930 2352
0.107154 0.074214 -0.033369 0.979490 930 2773
0.124465 -0.054856 -0.062555 0.814137 930 2824
0.091340 -0.013284 -0.014226 0.957660 930 3448
-0.019087 -0.172329 0.015572 0.916060 930 3780
0.179783 0.075782 0.065276 0.901092 930 4140
0.043124 -0.117569 0.125816 0.722374 930 4544
-0.032417 0.141471 0.128272 0.978555 930 4608
-0.012418 0.094050 0.154747 0.784596 930 4872
0.030531 0.093711 0.056333 0.931015 930 4982
-0.104235 0.190145 0.050825 0.983919 934 1492
0.019163 -0.107532 0.148569 0.992495 949 1712
-0.019812 -0.085506 0.221019 0.976969 966 2156
-0.010473 -0.017499 0.140059 0.827825 968 1943
0.002100 0.024177 0.219057 0.952050 979 1838
-0.045383 0.104014 0.203680 0.957437 993 1693
-0.049309 0.042272 0.201819 0.951683 994 2345
0.242565 0.030624 0.068283 0.982920 997 1111
0.003522 0.057093 0.080809 0.939798 1001 2434
0.116646 -0.068748 0.010912 0.999588 1002 1497
0.034545 -0.082392 0.030792 0.867858 1004 2391
0.397421 -0.052293 0.154392 0.959526 1011 1245
-0.016329 0.014166 0.144799 0.998313 1015 2531
0.115285 -0.043909 0.136979 0.927227 1017 2145
-0.059201 0.024179 0.055334 0.949550 1023 2445
0.002863 -0.094762 0.097674 0.989810 1031 2323
-0.010201 -0.127421 0.004500 0.995279 1037 1211
0.020438 -0.006224 0.163325 0.870019 1040 2051
0.052358 -0.000216 0.074995 0.903245 1053 2383
0.238667 -0.105375 -0.005862 0.891304 1060 1175
0.065177 -0.005787 0.051949 0.898599 1067 1340
-0.164294 0.061232 0.167090 0.993945 1067 1911
0.062912 -0.037530 0.148189 0.953298 1085 2036
-0.033253 0.048941 0.021167 0.719387 1093 2321
-0.003787 -0.049126 0.098105 0.999911 1109 2994
0.099620 -0.043004 0.193839 0.982476 1115 1806
-0.112366 0.025614 0.186007 0.957754 1117 2240
-0.040301 0.014725 0.189438 0.915445 1126 1508
0.169257 -0.072547 0.256960 0.876831 1128 2445
-0.146437 -0.077295 0.065105 0.921051 1137 2792
-0.019739 0.048583 0.049299 0.880591 1137 3196
0.221115 -0.013764 0.311379 0.997163 1139 1830
-0.070816 -0.112750 0.056649 0.934774 1140 2321
0.106458 -0.086992 0.097725 0.979384 1141 1940
-0.056026 0.128719 -0.015957 0.739545 1143 1940
0.227802 0.248200 -0.009792 0.770148 1146 1208
-0.088038 0.105898 0.089630 0.988604 1153 1577
0.045993 -0.228953 -0.040144 0.955209 1154 1156
0.077934 -0.188435 0.318958 0.966249 1155 1682
-0.248202 -0.158168 0.100334 0.969979 1164 1474
0.027700 -0.127080 0.093784 0.994268 1178 1908
-0.022788 0.087811 0.129556 0.992662 1183 1857
-0.184337 0.072684 0.045345 0.978445 1190 1394
0.047788 -0.129159 0.076520 0.993127 1193 1813
-0.102879 0.036189 0.195188 0.996637 1194 1973
-0.004117 -0.061464 0.074323 0.958713 1196 2895
0.146040 -0.045561 0.098380 0.961616 1204 1730
-0.152075 0.182032 0.356881 0.899438 1209 1569
0.062281 -0.173461 0.156242 0.962512 1215 1837
-0.088381 0.091028 0.099268 0.989553 1221 1791
0.099025 -0.037219 0.060348 0.945381 1226 2652
0.005970 0.012370 0.117797 0.995218 1230 3113
-0.154391 -0.002965 0.177946 0.990011 1234 1904
0.138546 -0.092181 0.136386 0.858858 1241 1596
-0.151818 -0.015805 -0.005469 0.922055 1241 1808
-0.020973 0.229047 0.055971 0.972037 1241 1916
0.082018 -0.002043 0.153486 0.968705 1241 2394
-0.235289 -0.076782 0.121551 0.952445 1242 1966
-0.191241 -0.327748 0.056707 0.883213 1243 1340
0.026403 -0.230023 0.256773 0.992451 1245 1811
-0.086128 0.295069 -0.248084 0.861574 1251 1356
0.154722 0.104674 -0.072753 0.952981 1251 1358
-0.098451 0.054517 0.055159 0.878357 1251 2404
0.093549 -0.060068 0.155162 0.990335 1251 2542
-0.035115 0.114744 0.117518 0.840218 1263 1786
-0.110448 0.015722 0.092729 0.986157 1276 1953
0.194792 -0.268121 0.075285 0.976395 1277 1279
-0.085349 -0.133756 0.133718 0.910410 1291 1915
0.089685 0.170449 0.095509 0.998806 1301 1875
-0.001998 -0.200415 0.099117 0.983722 1305 1824
0.049219 0.125679 0.060028 0.971838 1310 1359
0.084954 0.053403 0.044452 0.897272 1333 2125
0.008294 0.092614 0.086109 0.989644 1333 2349
0.028351 0.018812 0.139739 0.832908 1333 2519
-0.082459 -0.104193 0.085714 0.959186 1333 2561
-0.065093 -0.043645 0.068158 0.903695 1340 2717
0.118982 -0.147628 0.018461 0.973746 1354 1718
-0.081795 0.101738 0.023553 0.990774 1354 1764
-0.067264 0.049565 0.029839 0.843048 1359 1982
-0.238695 0.112084 0.022086 0.990933 1363 1564
0.104287 -0.054539 0.056996 0.988571 1363 2203
0.289626 -0.105920 0.146711 0.947703 1368 1887
-0.239253 -0.230537 0.246557 0.999811 1374 1839
-0.046379 0.079929 0.126277 0.987102 1380 1639
-0.291080 -0.242062 0.122625 0.774207 1381 1697
-0.145461 0.030543 0.185734 0.924557 1388 1805
0.071862 -0.187120 0.207323 0.987649 1398 1762
-0.095667 0.099993 0.032814 0.995854 1409 1882
-0.104878 0.105604 0.145644 0.971282 1410 2631
-0.018311 -0.077496 0.154639 0.942792 1411 1883
-0.049824 0.090455 0.067439 0.980407 1411 2323
-0.108210 0.059289 -0.104463 0.629090 1413 1618
-0.136936 -0.146418 0.135970 0.972408 1415 2272
-0.047671 0.084117 -0.004938 0.923185 1417 2050
0.008641 -0.137833 0.085481 0.936435 1417 2506
-0.110184 0.005746 0.038167 0.950186 1424 2343
0.068098 -0.026007 0.231767 0.931125 1428 2128
0.005394 -0.068584 0.102884 0.997784 1452 3414
0.164827 -0.187738 -0.138538 0.866938 1460 1462
0.127316 0.039495 0.010824 0.892405 1461 1786
-0.012856 0.199932 0.017096 0.980060 1463 1574
0.072074 -0.117096 0.000763 0.971720 1466 2054
-0.151337 0.299021 0.055487 0.985149 1468 1576
0.026671 -0.074220 0.075765 0.939913 1468 2867
-0.006734 -0.028899 0.150967 0.992908 1474 2699
0.341180 -0.022230 0.054712 0.906206 1476 2460
0.003629 -0.075289 0.121844 0.948955 1476 3824
-0.020788 -0.057251 0.143292 0.953594 1477 2003
-0.156946 -0.012066 0.088240 0.977062 1485 2348
-0.025943 0.121624 0.159908 0.972923 1486 2383
-0.210505 0.138251 0.144528 0.942041 1487 1646
-0.037674 0.102096 0.094203 0.972321 1492 2467
-0.003331 0.047692 0.124227 0.995707 1492 3064
-0.046984 0.029262 0.123534 0.984472 1501 3124
-0.035687 -0.185329 -0.000170 0.967938 1508 1972
0.044764 0.060011 0.060791 0.994205 1535 1639
0.153614 0.101355 0.333390 0.981585 1553 2668
-0.064951 0.052447 0.170157 0.944913 1554 2535
0.027537 -0.015394 0.187896 0.981612 1561 2032
0.011537 -0.002346 0.364957 0.996362 1565 1616
-0.061906 0.006001 0.070195 0.896249 1567 4582
-0.042649 -0.175486 -0.000047 0.988899 1578 1682
0.486339 -0.171544 0.245133 0.948757 1580 1739
0.109331 0.153842 0.262073 0.962779 1593 2184
-0.008019 0.025174 0.143017 0.992764 1598 2887
-0.014102 -0.161862 -0.143092 0.960637 1616 1726
-0.071289 0.146615 0.014447 0.987205 1620 1833
-0.087016 0.070870 -0.019735 0.960910 1639 2646
-0.145199 0.037865 0.017048 0.992507 1639 3435
0.097057 -0.055948 0.034605 0.995424 1639 4679
0.163415 -0.019726 0.114170 0.961312 1639 5142
0.104411 -0.038222 0.227275 0.990389 1649 2385
-0.009534 -0.005708 0.169315 0.946389 1650 2939
0.022921 -0.136215 0.215754 0.944430 1653 2074
0.101779 -0.133720 0.197374 0.987200 1657 2529
0.569596 0.000052 0.168194 0.891509 1659 1763
0.023003 -0.174220 0.046535 0.957291 1663 2150
0.016907 0.032501 0.110832 0.871072 1669 2497
-0.041217 0.077587 0.125373 0.979526 1677 2977
-0.031597 -0.142972 0.022528 0.968999 1682 1892
0.032269 -0.188707 0.029309 0.989342 1685 2283
-0.077854 -0.194899 0.047730 0.864003 1686 2227
0.079200 0.031785 0.204152 0.979207 1700 3058
0.344634 0.113888 0.273567 0.892336 1704 1904
0.059136 -0.087419 0.137580 0.985437 1713 2668
0.080891 -0.052557 0.130025 0.993915 1718 3071
-0.053439 -0.016306 0.061056 0.817491 1719 3796
-0.184686 0.133959 0.140831 0.999941 1727 2264
0.053999 -0.039482 0.083472 0.965326 1728 2100
0.120475 -0.001863 0.115857 0.831123 1734 3424
-0.143032 0.102682 -0.060562 0.936877 1742 1797
-0.175963 -0.002554 0.374786 0.976497 1744 2292
-0.053727 0.035148 0.086497 0.996858 1745 4683
-0.309795 -0.108111 0.069059 0.834360 1755 5283
0.151790 -0.135806 -0.052795 0.953077 1766 1877
-0.009493 0.208928 -0.032945 0.982322 1766 1929
0.087015 -0.014284 0.015025 0.977707 1766 2960
0.090133 -0.026575 0.105501 0.951557 1766 4218
0.026776 0.108598 0.016128 0.960721 1785 2103
-0.050642 0.069745 0.027202 0.835310 1786 1891
-0.070686 -0.203806 -0.015194 0.983377 1786 2108
-0.009411 -0.128951 -0.025501 0.965526 1788 1948
-0.014442 -0.007929 0.099223 0.875429 1791 3488
0.273577 -0.022061 0.054665 0.806771 1819 2480
0.033884 -0.013582 0.123484 0.963240 1825 3034
0.147142 -0.547129 0.230749 0.943235 1831 1942
0.006923 0.052501 0.117322 0.825380 1851 2771
0.059278 0.043238 0.036841 0.917580 1855 3239
-0.052672 -0.109016 -0.040830 0.903045 1857 2181
0.020883 0.120201 0.079420 0.894348 1866 2618
-0.076054 -0.060018 0.153677 0.993658 1883 3368
0.091323 -0.186555 0.237240 0.933564 1890 2374
0.003997 0.033929 0.085558 0.984685 1892 4181
-0.051043 -0.081998 0.074317 0.992911 1896 3323
0.019889 0.264976 0.258559 0.987338 1911 2390
-0.023511 -0.180561 0.145069 0.992482 1911 2717
-0.173619 0.105947 0.072412 0.976587 1912 2130
0.077923 0.131498 0.069375 0.994548 1913 2391
0.045626 -0.175769 0.072614 0.921176 1914 2392
0.196351 0.029863 0.328980 0.935117 1914 2943
-0.094836 -0.045954 0.071996 0.921042 1914 3117
0.127359 -0.024069 0.028817 0.919859 1915 5283
0.065513 -0.058560 0.020560 0.997117 1921 3351
0.179085 -0.163922 0.188823 0.978878 1921 4025
-0.091480 0.164345 0.160181 0.929606 1922 2023
-0.100547 -0.026129 -0.025182 0.843876 1943 2324
0.088799 0.178522 0.007660 0.907380 1943 2413
0.180825 0.112564 0.111348 0.884567 1943 2854
0.003625 -0.068555 0.076326 0.817886 1943 3205
-0.196619 0.030962 0.210747 0.970276 1943 3417
-0.075064 -0.080134 0.072463 0.979141 1945 2497
0.126178 -0.100070 0.189290 0.828464 1947 2163
-0.013600 -0.045244 0.046780 0.609699 1953 3053
-0.091557 -0.233138 0.145324 0.954266 1959 2564
-0.012960 0.048898 0.131458 0.660528 1971 2781
0.048866 0.093532 -0.007562 0.921966 1978 2445
0.031838 -0.098428 0.089600 0.982358 1993 2497
-0.103362 0.021357 0.060481 0.990586 1997 3045
-0.001371 -0.001269 0.085364 0.940328 1997 4182
-0.240428 0.079667 0.096846 0.975891 2014 2656
-0.383594 -0.070166 0.023722 0.955259 2026 2086
0.026349 0.019736 0.076566 0.995914 2028 4702
-0.095975 -0.084916 0.219017 0.993968 2032 3800
-0.030504 0.160719 0.069478 0.982928 2035 2199
-0.141670 -0.038685 0.294587 0.998673 2039 2683
-0.099096 0.006939 -0.028140 0.717357 2061 2652
-0.138116 -0.015846 0.068481 0.978430 2063 2711
-0.364245 0.122749 0.159943 0.936873 2068 2177
-0.130884 0.084653 0.165744 0.965617 2069 2768
-0.014467 -0.108964 0.186914 0.994269 2072 3239
-0.227061 0.132904 0.108557 0.926318 2092 2366
0.185533 0.090593 0.068079 0.971867 2095 2450
0.068087 0.175963 0.294258 0.999977 2098 2630
0.099709 -0.256087 0.273972 0.991063 2099 2629
0.127518 -0.007061 -0.152769 0.957005 2100 2101
0.069694 -0.050947 -0.029020 0.990689 2100 2800
-0.007702 -0.064208 0.056418 0.962570 2100 5185
-0.026744 0.128381 0.168324 0.987097 2100 5472
-0.060784 -0.006652 0.150496 0.935869 2103 3420
0.052381 -0.167969 0.086872 0.988203 2105 2750
0.228965 0.028156 0.064523 0.819441 2105 2859
0.009536 -0.066679 0.158923 0.915795 2109 3271
0.187762 -0.229905 0.108885 0.979180 2118 2287
-0.132588 -0.237139 0.342159 0.995790 2119 2872
-0.039593 -0.050141 0.253956 0.878461 2147 2729
0.065693 -0.081927 0.038433 0.977911 2157 2686
-0.086575 0.217923 0.028748 0.940173 2158 3421
0.019433 0.152099 0.080154 0.974551 2158 4050
0.122655 -0.063417 0.132665 0.959371 2158 4288
-0.028670 -0.036590 0.121014 0.884564 2163 3694
0.119361 0.169692 0.164552 0.992966 2168 3100
-0.063302 -0.025124 0.244937 0.981698 2182 2883
0.181186 -0.121678 -0.101033 0.972714 2202 2263
-0.249772 -0.019110 0.106559 0.987582 2202 2409
0.144754 0.164358 0.166586 0.968886 2209 2592
0.141623 0.364200 0.034353 0.973987 2219 2376
-0.086288 0.074019 0.179692 0.942126 2247 2830
0.006820 0.100157 0.037026 0.835897 2249 2831
0.152363 -0.025202 0.021467 0.996402 2256 2447
0.054041 -0.066937 0.081934 0.957748 2268 3419
-0.115243 0.141893 0.039071 0.663336 2272 2552
0.031909 0.032118 0.210972 0.777919 2272 3425
0.000624 0.066035 0.099707 0.737289 2283 3104
-0.065186 0.018694 0.314251 0.978040 2292 3501
0.058072 -0.092957 0.116651 0.993052 2298 3392
0.186276 -0.061957 0.032130 0.970229 2310 2479
0.003758 -0.129245 0.076073 0.821762 2321 3578
-0.209343 0.022792 -0.007516 0.990231 2321 3973
-0.262314 0.076640 0.075469 0.971695 2321 4575
0.035230 -0.032438 0.082024 0.944310 2321 5421
-0.044491 -0.007783 0.067184 0.942017 2323 3978
0.037112 -0.029924 0.096993 0.877597 2328 3754
-0.073155 -0.111878 0.092838 0.985722 2335 4115
0.039122 0.024870 0.148869 0.998128 2347 3228
-0.085810 0.580978 0.188212 0.879669 2351 2382
0.161852 0.038320 0.131871 0.953866 2354 3123
0.264723 -0.262342 0.041972 0.986550 2356 2666
0.063421 -0.221577 0.159027 0.942570 2369 2909
-0.047941 0.008282 0.229352 0.924029 2371 3314
0.026538 0.056973 0.068023 0.647867 2384 4977
0.165578 -0.201951 0.254617 0.920771 2386 2771
0.123517 -0.037761 0.045955 0.988874 2389 3012
0.094349 -0.087288 0.126784 0.950138 2391 3180
-0.045142 0.056317 0.043017 0.868914 2391 3239
-0.103847 -0.196946 0.245048 0.993131 2404 2961
-0.011354 -0.072485 0.148711 0.982912 2421 3486
0.176507 -0.071934 0.090748 0.991513 2431 2875
-0.113881 -0.001362 0.033990 0.965414 2434 3175
-0.017134 -0.041819 0.341623 0.987733 2436 3129
0.021757 0.075552 -0.020082 0.938231 2445 2895
0.111553 -0.028702 -0.014329 0.951491 2445 2899
-0.089285 0.027142 0.045192 0.849854 2445 3623
-0.123446 -0.036695 0.108996 0.999584 2445 4317
0.028978 -0.030452 0.074707 0.962696 2445 4499
0.027241 0.141713 -0.028954 0.419195 2473 2618
0.180432 -0.106692 0.326893 0.989782 2476 3567
-0.349374 0.042741 0.123714 0.860774 2482 2586
-0.097036 0.120496 0.040177 0.985836 2484 2895
-0.130141 -0.063928 0.112242 0.985694 2493 3415
0.052811 -0.104588 0.044192 0.926328 2496 2688
-0.062443 0.217227 0.079973 0.992390 2497 3149
0.109786 -0.146773 0.146627 0.978689 2497 4109
-0.291726 0.072806 0.182251 0.957185 2508 2919
-0.222369 0.202303 0.192003 0.958996 2532 2838
-0.008955 -0.084244 0.213003 0.984229 2540 3571
-0.027300 0.248065 0.548295 0.931619 2543 2790
0.042587 -0.224925 0.071913 0.993166 2546 2902
0.221553 0.012621 0.072760 0.930821 2553 2983
-0.121725 -0.099831 0.111163 0.998221 2557 3596
-0.214242 0.229867 -0.063569 0.929431 2559 2652
0.260755 -0.152725 0.028151 0.722688 2564 2715
-0.115603 -0.056150 -0.024838 0.952182 2586 3794
0.136356 -0.093397 0.070410 0.965484 2596 2858
-0.072122 0.069826 0.049475 0.915317 2598 2750
0.065540 0.070964 0.090384 0.881232 2611 3504
-0.029992 -0.073272 0.304297 0.959076 2613 3391
0.047367 0.149658 0.101161 0.920503 2614 3554
-0.049806 0.200399 0.038220 0.972178 2617 2664
-0.084294 -0.142111 0.023554 0.574193 2618 2886
-0.083477 -0.007307 0.070305 0.977092 2618 3721
0.401279 -0.118183 0.098465 0.977057 2621 4318
-0.020366 -0.166259 0.073394 0.940210 2621 4703
0.145844 0.011262 0.048310 0.939979 2621 4765
-0.114052 -0.011517 0.101716 0.996038 2621 5295
0.012066 0.096187 0.138189 0.961610 2622 4433
0.094324 -0.040568 0.139141 0.945268 2624 3676
-0.194291 0.004868 0.187876 0.992411 2628 3259
-0.051286 0.027978 0.177167 0.988480 2637 3373
-0.068144 -0.087913 0.051492 0.899668 2652 4402
0.061293 0.116502 0.142722 0.943653 2652 4403
-0.106216 -0.242640 0.342355 0.985841 2654 3171
-0.072316 0.176767 0.038812 0.864094 2662 2776
0.315823 0.109428 0.302421 0.961058 2690 3264
0.300553 -0.190101 -0.075980 0.903678 2700 2988
0.234443 -0.187213 -0.020103 0.759745 2707 3111
0.067059 -0.076004 -0.033542 0.753944 2717 3852
0.232213 0.250352 0.007883 0.738794 2717 4146
-0.074274 0.032940 0.095174 0.922985 2717 4200
0.060961 -0.049540 0.091436 0.856035 2717 4933
0.082270 0.101095 0.088649 0.978492 2717 5285
0.052922 -0.003092 0.198831 0.928286 2719 3781
-0.172315 0.136397 0.359869 0.895170 2721 3243
-0.346549 0.162808 0.078367 0.919347 2737 2847
0.090910 0.002727 0.293153 0.982531 2738 3629
0.030480 0.052622 -0.013044 0.919952 2750 2859
-0.116394 0.179468 0.015513 0.952801 2750 3372
-0.082466 0.055721 0.057832 0.777887 2750 5366
-0.552095 -0.259246 -0.017764 0.965657 2757 2871
-0.121265 -0.077636 0.042880 0.865233 2771 3390
0.102612 -0.089471 0.074021 0.914699 2771 3553
0.094851 -0.177524 0.233043 0.819023 2771 3660
-0.000575 0.067902 0.078958 0.947422 2771 4409
-0.005873 -0.023215 0.159970 0.999364 2776 4614
0.050412 -0.092637 0.084333 0.824084 2781 3859
-0.030887 -0.075963 0.061205 0.982218 2809 4181
0.056869 -0.027079 -0.025270 0.275460 2810 2919
-0.023293 -0.090299 0.256662 0.951526 2817 3601
-0.157742 0.130137 0.123471 0.994278 2829 3065
0.103106 -0.060342 0.101198 0.883507 2831 3247
0.159794 0.026674 0.115593 0.766955 2831 3561
-0.081326 0.095459 -0.015635 0.965724 2831 3664
-0.062935 -0.104874 0.164058 0.950481 2831 4150
-0.239214 0.011662 0.118455 0.964066 2837 3349
-0.291902 -0.058377 0.196515 0.971801 2843 3132
-0.082692 0.050954 0.112521 0.995676 2849 4167
0.070718 -0.146284 -0.050500 0.937156 2851 2966
0.150678 0.033665 0.212733 0.869267 2860 3423
-0.108903 0.077046 0.110253 0.946111 2863 3692
-0.066190 -0.009495 0.084396 0.990177 2867 4519
-0.211513 0.419024 0.095491 0.927797 2868 2917
0.145851 0.012833 0.046536 0.855645 2869 3277
-0.480907 -0.070878 0.047562 0.989808 2873 3055
0.072956 0.502127 0.205605 0.891946 2875 3112
0.193480 -0.067120 0.039130 0.961735 2876 3334
-0.096476 0.111819 0.218447 0.994174 2876 3947
-0.007393 -0.112959 0.107653 0.982367 2885 3239
0.043376 0.019691 0.306324 0.950059 2887 3784
-0.130078 -0.291473 0.166139 0.997233 2889 3295
0.045420 0.039790 0.127040 0.986284 2899 4572
0.102615 -0.167699 0.325720 0.959818 2911 3810
0.122340 0.052170 0.022688 0.916118 2923 3104
0.087751 0.109066 0.244716 0.818513 2940 3390
-0.111494 0.075783 0.095182 0.994382 2956 3914
0.007570 -0.235232 0.163941 0.992584 2961 3572
-0.158580 0.163822 0.111902 0.901232 2962 3403
0.110995 -0.142791 0.230503 0.979812 2962 3467
-0.119399 0.065702 0.071994 0.995676 2969 3681
0.097949 -0.163020 -0.007696 0.988908 2974 2975
-0.005662 0.013407 0.233104 0.994677 2974 3927
0.092685 0.003913 0.310563 0.997864 2979 4722
-0.130562 -0.517641 0.129192 0.940984 3005 3232
0.032307 -0.079951 0.095328 0.970037 3009 4137
-0.082657 -0.109178 0.144273 0.948242 3018 4077
-0.007411 0.100412 0.143978 0.901017 3018 4359
-0.088599 0.072334 -0.017215 0.967575 3034 3304
-0.086320 0.181301 0.042850 0.940697 3040 3419
0.093244 -0.074138 0.036253 0.969162 3050 3542
0.166746 0.049150 -0.037574 0.831050 3053 3168
0.019371 -0.136608 -0.081542 0.999509 3053 4064
-0.021466 0.079682 0.138928 0.903347 3053 5141
-0.082751 -0.278250 0.114865 0.994234 3054 3325
-0.067863 -0.022383 0.068741 0.990586 3058 4866
0.115842 0.137480 0.178425 0.932012 3074 3798
-0.003311 0.178028 0.101467 0.993659 3090 3754
0.007055 -0.075741 0.187783 0.979202 3090 4175
-0.104506 0.083565 0.112685 0.872308 3104 3762
0.010983 0.036373 0.132622 0.992617 3113 4605
0.014894 -0.012640 0.099742 0.938493 3124 5506
-0.076178 0.034522 0.121693 0.942597 3133 4625
-0.001178 0.039999 0.183495 0.734773 3151 3639
-0.046969 -0.098388 0.044079 0.905837 3155 3694
0.011170 0.015390 0.243939 0.935138 3157 3935
0.002390 0.098017 0.310058 0.944077 3165 3827
-0.095242 0.463465 0.161149 0.973357 3178 3289
0.020484 -0.009717 0.114227 0.812131 3180 4614
-0.058111 -0.020662 0.111823 0.947338 3196 4501
-0.038176 0.057348 0.076619 0.992017 3206 4711
0.090272 0.322721 0.039718 0.993894 3209 3318
-0.005852 0.143943 0.043527 0.946562 3213 3694
-0.019276 0.033982 0.297932 0.960382 3226 5382
-0.359505 0.033283 0.059985 0.986010 3231 3442
0.147084 -0.200741 0.198841 0.935905 3234 3550
0.185909 0.136534 -0.191479 0.996282 3239 3240
0.092380 -0.026607 -0.020969 0.993427 3239 3244
-0.082996 0.059498 -0.011228 0.959117 3239 3613
0.116141 -0.098857 0.012733 0.906474 3239 3719
-0.172037 0.039642 0.055334 0.733681 3239 4142
-0.011791 -0.054765 0.034865 0.925363 3239 4614
-0.005091 -0.108117 0.088080 0.742381 3239 4691
-0.065022 -0.005506 0.036661 0.945841 3239 4985
-0.112114 -0.043524 0.113083 0.971093 3239 5045
-0.003210 -0.072321 0.080949 0.995957 3239 5809
0.087021 -0.003252 0.153651 0.984101 3239 6513
0.003639 0.129066 0.223092 0.995752 3244 4876
-0.135674 -0.004097 0.100294 0.962219 3245 4614
-0.045177 -0.153042 0.096032 0.994113 3253 4092
-0.222776 0.180982 0.198618 0.924084 3263 3476
-0.066220 -0.093751 0.117116 0.914841 3271 4180
0.113822 0.110316 0.062898 0.968670 3274 4731
0.209866 -0.138089 0.034847 0.948432 3276 3702
0.101787 -0.116908 0.202861 0.969263 3292 3559
0.079760 -0.202342 0.116036 0.971207 3298 3908
-0.154031 0.153026 0.108227 0.996070 3320 3592
0.378574 -0.483660 0.108761 0.999783 3324 3326
-0.021109 0.156034 0.016179 0.985416 3327 3599
-0.010367 0.064976 0.108537 0.838558 3335 3389
-0.070849 0.032861 0.198691 0.992999 3340 4745
0.201157 -0.179977 0.390280 0.967614 3343 3668
0.129039 -0.019345 0.138128 0.998393 3351 4486
-0.009461 0.105266 0.064731 0.966130 3352 3912
0.026437 -0.038925 0.189084 0.983171 3367 4577
0.029585 0.109818 -0.129074 0.955205 3389 3445
-0.060411 -0.017556 -0.157316 0.807364 3389 3502
0.054417 -0.006123 -0.026796 0.749917 3389 4137
-0.087976 -0.030771 -0.003919 0.947120 3389 4681
-0.016068 -0.081059 0.126946 0.932282 3389 5859
-0.150437 -0.041442 0.001741 0.780533 3390 3776
-0.020909 -0.058974 0.101963 0.929937 3391 3779
-0.057148 0.024754 0.075220 0.998979 3393 3779
-0.177855 0.172401 0.037495 0.950214 3396 3665
-0.006948 -0.114876 0.089035 0.996106 3397 3787
0.254655 -0.002381 0.288417 0.913941 3402 3735
-0.066047 -0.166109 0.159331 0.992913 3414 4895
0.155494 -0.091294 0.054209 0.976023 3430 4061
0.108306 -0.106054 0.182132 0.946863 3436 4066
-0.142422 0.089580 0.055091 0.977007 3442 4005
0.144008 -0.009636 -0.041409 0.556349 3445 3447
0.041687 -0.032033 0.130709 0.994209 3450 4312
0.167700 -0.088332 -0.037231 0.976170 3454 4150
-0.076854 -0.059658 0.047746 0.941092 3455 4614
-0.031639 0.075989 0.172457 0.989548 3458 4879
-0.222308 0.018513 0.069070 0.956295 3475 4651
-0.349123 0.023301 -0.060142 0.746596 3478 3751
-0.203025 0.054072 0.392161 0.953373 3501 4739
0.161520 0.221824 -0.016711 0.696924 3504 4010
0.121798 -0.098673 0.217081 0.960209 3504 4687
-0.013603 0.063841 0.168767 0.940384 3516 4697
0.127008 -0.032606 -0.101850 0.732254 3519 3521
0.055186 0.044733 0.062730 0.945004 3519 6202
-0.148001 0.091225 0.076204 0.990362 3523 4095
0.074312 0.017614 0.147951 0.993680 3523 4770
-0.050467 -0.001947 0.010037 0.644190 3524 4499
-0.064168 -0.017854 0.067057 0.977979 3527 3974
-0.534412 -0.056844 0.226097 0.872529 3528 3582
-0.045140 -0.279960 0.199197 0.977212 3536 3878
0.072602 0.029369 0.130763 0.992155 3539 5137
-0.036401 0.120098 0.066041 0.997808 3554 4308
-0.073376 0.233272 -0.041003 0.907166 3559 4149
0.036464 -0.175811 0.091573 0.995347 3559 4617
-0.141113 -0.115869 0.245187 0.930086 3568 3913
0.090530 -0.083291 0.119614 0.756003 3578 3920
-0.007169 0.100611 0.097316 0.961462 3581 4506
0.002747 0.029302 0.121372 0.960986 3583 5476
-0.023838 -0.206554 0.146233 0.913021 3586 4334
0.243808 -0.220384 0.153784 0.995374 3595 3652
-0.208908 -0.005970 0.087956 0.976061 3600 3942
0.014569 0.130610 0.118704 0.904853 3608 3896
0.001827 -0.010729 0.086372 0.948261 3616 5680
-0.020460 0.004405 0.281580 0.970964 3632 4440
-0.126038 0.012164 0.127971 0.923955 3637 4652
-0.353476 0.494019 0.125986 0.988156 3643 3689
-0.051716 -0.078179 0.081813 0.923736 3674 5300
-0.090488 -0.041251 0.087609 0.997676 3676 5413
0.189971 -0.037849 0.007076 0.998989 3678 4102
-0.035570 0.116256 0.075888 0.999827 3681 4647
0.054612 -0.068647 0.046227 0.997667 3681 4650
-0.056277 0.008592 0.118871 0.989094 3681 5361
-0.045906 -0.058534 0.231238 0.975099 3682 4578
0.024577 -0.095575 0.034838 0.993379 3685 4580
-0.013025 -0.115008 0.127166 0.987962 3686 5311
-0.034499 -0.116184 0.135852 0.871598 3694 4449
-0.213577 -0.136392 0.180148 0.985873 3698 4057
-0.022739 0.042926 0.229707 0.999691 3703 4913
0.053132 0.223193 0.242370 0.986685 3704 4398
-0.067542 0.075622 0.154808 0.896370 3705 4456
-0.095086 -0.003497 0.120766 0.914299 3706 5032
0.097118 -0.103488 0.036902 0.952141 3708 4191
-0.434120 -0.335495 0.176615 0.990662 3709 3894
-0.006330 -0.068297 0.078429 0.963901 3712 4869
0.072985 -0.109896 0.247957 0.783994 3715 4411
-0.061515 -0.120634 0.025734 0.901360 3719 4614
0.011167 -0.107459 0.043060 0.986164 3722 5283
-0.114823 0.270479 0.157651 0.986500 3727 4156
-0.024930 0.273858 0.078260 0.899034 3735 4094
-0.049048 0.078576 0.058040 0.996570 3739 4949
-0.054557 0.141028 0.132681 0.927172 3750 4582
-0.046944 -0.106615 0.070759 0.945241 3753 4715
-0.118267 -0.189872 0.005543 0.957654 3754 3814
-0.064816 0.024302 0.191729 0.999184 3762 4732
-0.060761 -0.062680 0.108483 0.683533 3771 4603
0.116893 -0.062476 0.083650 0.932979 3771 4681
0.091087 -0.090288 0.068395 0.937789 3779 6238
0.022158 -0.066992 0.134320 0.949432 3779 7464
0.082506 0.021101 0.228336 0.967510 3781 4742
-0.431237 -0.163696 0.072219 0.900686 3782 3954
0.122624 -0.111104 0.096850 0.987420 3802 4439
-0.147783 -0.008513 0.182973 0.993189 3809 4328
0.128436 -0.005071 0.132380 0.955681 3822 4798
0.119320 0.103654 0.022648 0.984356 3843 4823
0.060458 -0.164645 0.275809 0.998450 3875 4581
-0.056855 -0.181811 0.088481 0.998936 3878 4722
-0.009373 0.094611 0.250560 0.924802 3879 4590
0.053770 -0.090410 0.196782 0.836212 3889 4733
-0.154319 -0.017700 0.097907 0.903283 3893 4538
-0.147441 -0.021555 -0.004605 0.833311 3896 4469
0.033446 -0.061744 0.071954 0.993014 3896 5450
0.282508 0.014915 0.020203 0.988667 3897 4008
-0.051927 -0.148714 0.047460 0.970581 3914 4421
0.025861 -0.243397 -0.008008 0.996333 3929 4176
-0.234681 0.033504 0.124164 0.978555 3943 4400
0.027161 -0.041046 0.207716 0.990423 3962 5108
-0.113386 -0.071770 0.221418 0.950695 3972 4770
0.116544 -0.110998 0.021646 0.850750 3974 5248
0.014496 -0.077365 0.016251 0.910384 3974 5251
-0.023756 0.029871 0.098834 0.803717 3974 6268
0.365825 -0.101466 0.183952 0.957671 3976 4442
0.079117 -0.109824 -0.004674 0.950824 3978 4327
-0.181483 -0.085603 0.105677 0.999591 3978 5357
0.281506 -0.110962 0.146408 0.864631 3985 4230
-0.051136 0.221138 0.005014 0.979927 3995 4126
0.054258 -0.119201 0.032081 0.693293 4013 4823
-0.129409 0.149578 0.055443 0.935101 4018 4313
-0.150483 0.198562 0.099330 0.980507 4026 4419
-0.020237 0.025160 0.113797 0.961839 4026 5752
-0.141444 0.073453 0.074654 0.996938 4036 4570
0.021542 -0.082016 0.057303 0.955962 4043 5952
-0.085470 0.014867 0.257085 0.945123 4057 4793
0.195126 -0.110694 0.071450 0.984992 4065 4241
-0.056633 -0.069587 0.176389 0.964982 4065 5796
0.094245 -0.362349 -0.086047 0.738144 4089 4162
0.065188 -0.057858 0.149738 0.925055 4090 5295
-0.040283 -0.238701 0.118272 0.957959 4094 4432
-0.157603 -0.028533 0.061572 0.993950 4115 4789
-0.003915 0.238163 0.236925 0.940150 4118 4726
0.314929 -0.067448 0.251029 0.860622 4123 4292
-0.027843 -0.160147 0.147595 0.988151 4123 5204
-0.014789 0.124368 0.011978 0.842635 4131 4679
-0.112327 -0.046141 0.173287 0.802095 4131 5664
0.038490 -0.017096 0.109523 0.836025 4131 6083
0.183204 -0.047742 -0.041868 0.964159 4137 4824
0.045678 -0.014776 0.108345 0.955777 4148 5742
0.141563 -0.170502 0.005450 0.985355 4169 4507
-0.122119 0.148880 0.200414 0.864062 4170 4377
0.084678 -0.166549 0.291131 0.979478 4170 4506
-0.302576 0.041105 0.197655 0.952668 4177 4586
0.080986 -0.076238 0.067912 0.949006 4193 4869
-0.010585 -0.120797 0.157567 0.985666 4213 5170
0.144082 -0.060582 -0.027722 0.935713 4231 4450
0.111391 0.028964 0.065224 0.596129 4231 4791
-0.159254 -0.112478 0.158217 0.983865 4243 5142
0.058210 -0.053106 0.113502 0.914699 4258 5624
0.085406 -0.173062 -0.127253 0.955102 4264 4560
0.040227 -0.132474 -0.010963 0.889329 4264 5235
-0.133313 -0.009124 0.200122 0.859251 4267 5106
-0.195431 0.238853 0.170004 0.877741 4272 4564
-0.052212 0.170122 0.110325 0.954449 4278 4765
0.018125 0.088598 0.192033 0.916583 4285 5070
-0.187535 0.082107 0.128411 0.992355 4303 4924
0.290234 0.316132 0.301984 0.991180 4318 4765
0.231161 0.079445 0.227570 0.998706 4319 4634
0.086270 -0.031710 0.185883 0.998524 4324 5007
0.018517 0.065768 0.201467 0.967257 4326 5952
-0.014248 0.056305 0.216805 0.805135 4328 5013
0.220233 -0.049089 0.027101 0.998890 4344 4674
-0.297375 0.093894 0.124034 0.983530 4345 4530
-0.059615 -0.184480 -0.013830 0.971164 4349 4920
-0.059444 0.032768 0.160742 0.871969 4359 5404
0.081726 -0.176991 0.017801 0.868884 4367 4433
-0.086506 0.004900 0.179750 0.954614 4368 5516
-0.074986 0.167932 0.037510 0.984998 4369 4634
-0.049452 0.135288 0.073455 0.992349 4371 4893
-0.076172 -0.020789 0.139930 0.972554 4373 5415
0.280123 -0.019495 0.117521 0.951404 4377 4579
0.159802 0.131684 -0.014966 0.958703 4377 5185
0.026296 -0.062959 0.123122 0.971862 4383 5892
0.084886 -0.071796 0.177982 0.917213 4389 5431
0.067725 -0.083020 0.154372 0.948856 4405 5613
0.124379 -0.157974 0.167890 0.990661 4409 5223
0.002597 -0.020799 0.229188 0.880300 4419 5752
0.066415 0.033940 0.292607 0.946624 4420 5818
-0.063826 0.055781 0.055081 0.868246 4421 5818
0.056966 0.030729 0.132931 0.992181 4425 5465
-0.002126 0.378540 0.223394 0.712179 4428 4630
-0.008790 -0.048908 0.079533 0.981628 4429 5465
0.064114 0.239971 0.063418 0.947767 4433 4763
-0.208330 0.028153 0.068446 0.957341 4461 6075
-0.114067 -0.062368 0.092064 0.992785 4461 6175
0.050278 0.129102 -0.074821 0.876857 4463 4464
-0.048886 -0.204071 -0.079805 0.996526 4463 4808
-0.050382 0.105875 0.118140 0.997823 4463 7677
0.009657 -0.100180 0.067955 0.970815 4463 7734
0.106392 -0.135696 0.213847 0.963365 4475 5504
-0.057390 0.165343 0.221594 0.988912 4488 5409
-0.007938 0.024242 0.136439 0.903693 4491 5465
0.072603 0.107243 -0.054827 0.677508 4499 4572
-0.064795 -0.099905 0.028584 0.747857 4499 4892
-0.117055 -0.029809 -0.082135 0.821096 4499 5349
0.054611 0.081626 -0.017968 0.531413 4499 5523
-0.018947 -0.053005 0.060080 0.580681 4499 6321
-0.136724 -0.080522 0.035606 0.985416 4499 6920
-0.008781 -0.026238 0.118265 0.786210 4499 7089
-0.012453 -0.071814 0.028629 0.206122 4500 4770
0.079750 -0.106810 0.099083 0.983726 4502 5828
0.251645 0.395354 -0.095047 0.915190 4506 4579
-0.512786 0.173523 -0.012581 0.849944 4513 5251
-0.159626 0.201235 -0.000955 0.972915 4514 4850
0.151018 -0.276498 -0.011964 0.985329 4521 4522
0.033478 -0.130538 0.058304 0.991249 4526 5085
-0.142727 -0.019899 0.146863 0.954136 4537 5212
0.067234 -0.115014 0.303994 0.970497 4560 5235
0.114937 -0.066095 0.228169 0.949833 4565 5465
-0.045926 0.051683 0.205229 0.952693 4570 5518
0.248387 -0.106290 0.263246 0.811093 4579 5120
-0.183964 0.180297 0.062381 0.986457 4583 4956
0.187506 -0.195563 0.099503 0.995952 4584 5189
-0.066583 0.017491 0.110132 0.963154 4592 5784
0.129765 0.028105 0.021451 0.914621 4603 4681
-0.126892 0.038232 0.071516 0.971548 4609 5670
0.080383 0.032854 0.054621 0.967863 4614 4937
-0.005346 0.054326 0.033246 0.873373 4614 4985
0.060333 0.177375 0.023011 0.877034 4614 4986
-0.053973 -0.111797 0.036876 0.821765 4614 5619
0.020498 -0.063963 0.039836 0.980702 4614 5679
-0.010630 -0.030284 0.073268 0.554865 4614 5736
0.012174 -0.062193 0.143478 0.924727 4614 6243
-0.019594 0.049772 0.185289 0.944763 4614 6360
0.026726 -0.007754 0.141739 0.996663 4614 6511
-0.005482 -0.009205 0.093022 0.872409 4614 6729
-0.149857 -0.103317 -0.007242 0.983622 4623 5746
-0.108424 0.130955 -0.036133 0.916588 4623 5747
-0.018580 0.445357 0.163188 0.868702 4624 4756
-0.060630 0.270135 0.340375 0.996535 4624 4883
-0.141209 0.108749 0.052466 0.937232 4625 5059
-0.005236 -0.063631 0.063861 0.975673 4625 6522
-0.295075 0.009612 0.264738 0.998115 4633 5242
-0.204272 -0.016663 0.049598 0.908862 4637 5300
-0.188934 0.001768 -0.013688 0.845900 4642 4892
0.055191 0.033009 0.145530 0.983326 4647 6121
-0.066363 -0.151144 0.209062 0.983315 4651 5186
0.022044 0.188895 0.104336 0.992560 4654 5123
0.015108 0.070178 0.106614 0.980606 4655 5892
-0.101282 0.088283 0.095305 0.974304 4659 5429
-0.114555 -0.360856 -0.089292 0.985818 4666 4789
-0.101436 0.048799 0.139825 0.981056 4667 5839
-0.000643 0.008261 0.141128 0.833514 4668 5784
0.048159 -0.057282 0.186970 0.979200 4674 6290
0.065834 -0.225968 0.160733 0.984317 4695 4750
-0.110896 0.142974 0.030970 0.996908 4703 5295
-0.112725 -0.170763 0.205761 0.977566 4707 5416
0.110860 -0.186851 -0.025095 0.954166 4715 4783
0.194257 0.087341 0.140242 0.935426 4726 5785
-0.097045 0.119507 -0.005231 0.858312 4743 5340
-0.103443 -0.137449 0.084908 0.627188 4744 5226
-0.084155 0.025576 0.043642 0.922922 4754 5684
-0.261001 -0.145816 0.501483 0.881656 4756 4883
0.040576 -0.103902 0.086978 0.888386 4765 5943
0.025000 0.030192 0.270838 0.924057 4778 5588
0.023937 0.077018 0.130264 0.982406 4789 6279
0.224277 0.111065 0.011724 0.911779 4791 5080
0.239707 -0.085292 0.070840 0.968974 4796 5138
0.244498 -0.135930 0.124623 0.911925 4834 4942
0.029536 -0.145573 0.020620 0.990896 4835 5112
-0.080883 0.066990 0.031681 0.985770 4835 5997
0.161776 0.308013 0.326284 0.991206 4838 5417
0.099159 -0.029302 0.120343 0.954116 4846 5428
-0.082686 0.030501 0.081921 0.849789 4866 6080
0.018882 -0.063414 0.255048 0.993957 4867 5803
-0.161244 0.032011 0.061235 0.991474 4868 5976
-0.020263 -0.186419 0.083190 0.985123 4869 5217
-0.101800 0.073058 0.098767 0.830119 4869 5614
-0.082193 0.093156 0.061285 0.911588 4878 5742
-0.013734 -0.230987 0.179146 0.986657 4901 5262
-0.116327 -0.016919 0.071120 0.955316 4901 5892
0.107474 -0.306431 0.092598 0.991322 4927 5336
0.167737 -0.051022 0.311902 0.962223 4929 5225
-0.035797 -0.145045 0.266655 0.975987 4935 5680
-0.021812 0.017542 0.089199 0.874010 4936 6311
0.034550 -0.067831 0.093879 0.988225 4938 6249
-0.015334 0.085635 0.074818 0.976514 4942 6372
0.188100 -0.130613 0.019883 0.960504 4949 5004
0.024007 -0.082670 0.169587 0.918497 4961 6125
-0.133180 -0.273816 0.178208 0.985328 4964 5318
0.056071 -0.081835 0.061899 0.999345 4978 5449
0.089126 -0.063470 0.079635 0.930351 4981 4985
0.364331 -0.261551 -0.283560 0.844335 4983 4984
0.077921 0.116741 0.152869 0.515885 4983 5395
-0.076123 -0.276209 0.212474 0.892911 4983 5453
-0.116228 -0.168660 0.158934 0.642660 4984 5453
0.131492 0.017414 0.060174 0.870881 4985 5045
-0.117694 0.062669 0.054527 0.961339 4985 7129
-0.021294 0.061295 0.066202 0.996346 4985 7462
-0.007338 -0.033591 0.101299 0.778284 4985 7741
-0.028232 0.078669 0.209736 0.892076 4997 5465
-0.026252 -0.032362 0.185557 0.992869 5010 6759
-0.103002 -0.070810 0.144896 0.805519 5012 5361
-0.043847 0.120729 0.286733 0.983382 5019 5648
-0.033904 -0.031464 0.096609 0.850894 5035 6293
0.193094 -0.155012 0.138287 0.891669 5046 5740
0.027449 0.076733 0.054964 0.883309 5055 5752
-0.109652 0.323287 0.241524 0.977142 5062 5513
0.043509 -0.203699 0.019810 0.992005 5074 5315
0.011809 -0.001443 0.148133 0.946630 5084 6496
0.181933 0.080341 0.123803 0.951760 5088 5328
-0.067554 0.118195 0.053764 0.854589 5105 5752
-0.059566 -0.041943 0.171907 0.994727 5108 6255
-0.075796 0.080683 0.121301 0.977183 5113 5465
-0.109899 0.120199 0.100240 0.948086 5119 5828
0.214791 -0.346473 0.116290 0.988113 5128 5484
-0.017550 -0.013107 0.060934 0.946877 5137 8251
0.051407 -0.064624 0.105066 0.999413 5144 6351
-0.189260 0.081262 -0.012405 0.832748 5152 5504
-0.115378 0.176697 0.047813 0.980737 5160 5460
0.299919 -0.013169 -0.087866 0.940115 5162 5163
-0.065783 -0.122125 0.181674 0.967869 5162 5871
-0.028546 0.123375 0.123985 0.996932 5173 5465
-0.391108 -0.127570 0.327206 0.925391 5178 5524
0.212780 -0.163908 0.075207 0.998097 5183 5360
0.047417 0.216716 -0.114312 0.993216 5185 5888
0.065071 -0.151873 0.060756 0.994042 5185 6535
-0.081987 0.111243 0.058472 0.993935 5185 6646
0.090999 -0.034289 0.062571 0.992911 5185 7718
-0.114114 0.050760 -0.036249 0.977442 5186 5252
-0.021668 0.153475 -0.026187 0.976098 5186 5641
-0.000427 -0.053728 0.232358 0.760718 5192 5648
0.011602 0.138294 0.252125 0.959549 5196 5898
-0.187117 0.027424 0.144164 0.948975 5232 5507
0.002172 -0.027642 0.100696 0.937617 5233 7525
-0.197022 0.139581 0.296395 0.922977 5241 5465
-0.052421 0.167228 0.197833 0.896968 5245 5579
-0.022391 -0.174375 0.120938 0.999715 5247 5829
-0.054749 0.063744 -0.053648 0.749143 5251 5422
-0.052629 -0.155278 -0.022024 0.436053 5251 5639
0.106420 0.221547 0.035250 0.895959 5251 6010
-0.105102 -0.155020 0.070758 0.894248 5251 6436
-0.039897 -0.161472 -0.194555 0.955645 5251 6543
-0.003060 0.046412 0.121432 0.537175 5251 6649
0.059819 0.100411 0.043012 0.848413 5251 6712
-0.027049 -0.045101 0.011935 0.375145 5251 6875
0.161889 0.141784 0.025070 0.524822 5251 6877
-0.068829 -0.140016 0.001769 0.577045 5251 7054
0.102409 -0.144123 -0.005000 0.554459 5251 7161
-0.071435 -0.121192 0.045854 0.663972 5251 7276
-0.003714 0.011562 0.118057 0.465030 5251 7380
-0.355309 -0.299141 0.142882 0.495728 5251 7384
-0.006269 0.050515 0.232520 0.920227 5251 7775
0.012627 0.036308 0.093765 0.687335 5251 7779
0.007375 0.053683 0.167353 0.853075 5251 7899
-0.005627 -0.041244 0.028910 0.771907 5251 8130
0.099225 -0.014998 0.105485 0.786577 5255 5956
0.031817 0.072608 0.226512 0.958450 5267 6074
0.198630 0.092423 0.174293 0.993238 5268 6176
0.244898 -0.069269 0.109338 0.962383 5275 5443
-0.156704 0.111655 0.059941 0.978898 5279 5675
0.049222 -0.202567 0.252070 0.993218 5281 6460
0.107532 0.070550 -0.018005 0.996974 5283 5679
-0.102840 -0.111158 0.032299 0.936702 5283 6512
-0.174918 0.057438 -0.019971 0.752109 5283 7747
0.089717 0.065168 -0.011393 0.856332 5283 7810
0.058513 -0.096112 0.041449 0.900004 5283 8211
-0.094002 -0.014518 0.007526 0.521687 5283 8271
0.146131 -0.052113 0.033481 0.952686 5283 8991
0.153752 -0.010034 0.023157 0.943329 5283 9268
0.053789 0.087117 -0.003139 0.757673 5283 9740
-0.022085 -0.069130 0.034903 0.742746 5283 9773
-0.163274 0.021214 -0.002243 0.944136 5283 9838
-0.173781 -0.112229 0.175552 0.983146 5284 5811
-0.027654 0.058832 0.166103 0.997298 5291 6972
0.157480 -0.044771 0.188447 0.955994 5292 5820
-0.150021 0.168577 0.150279 0.944567 5294 5466
0.019435 0.124219 0.009734 0.730649 5297 5300
-0.007846 0.043423 0.122420 0.887789 5303 5824
0.087028 -0.078453 0.150922 0.962773 5313 6276
0.188349 0.114831 0.179515 0.902175 5315 5712
0.180193 0.127243 0.146952 0.884177 5320 5718
0.082761 0.222924 0.187052 0.990699 5327 6080
0.020776 -0.118715 0.061458 0.894015 5329 5548
-0.031577 -0.305962 -0.094836 0.990493 5330 5385
-0.096015 -0.033701 -0.036986 0.829117 5342 5506
0.023808 0.093065 0.095443 0.887681 5348 5465
-0.049285 0.127569 0.076751 0.999512 5350 5575
-0.061573 -0.181235 0.355386 0.937348 5354 6001
-0.061239 0.121861 0.037414 0.825276 5361 6121
0.234829 -0.092568 0.007320 0.970129 5361 6702
0.066740 0.148199 0.087445 0.991461 5361 6931
-0.121808 -0.066025 0.051807 0.883997 5372 5784
-0.067820 0.093889 0.066203 0.987660 5373 5784
0.012807 -0.072092 0.201191 0.734359 5376 6174
0.148233 -0.109999 0.084510 0.979870 5382 6292
0.080076 -0.009538 0.029237 0.992121 5382 6348
-0.038969 0.014887 0.165993 0.977214 5382 7559
-0.138875 0.073233 0.006222 0.963091 5391 5550
0.046267 0.048899 0.157045 0.938640 5392 6087
-0.073334 0.179954 0.029326 0.991837 5399 5619
-0.070549 -0.201120 0.075475 0.979696 5413 5578
-0.061264 0.029891 0.251867 0.940621 5416 6154
0.057916 -0.033794 0.067879 0.989686 5424 6435
-0.021255 0.182042 -0.097537 0.998391 5428 5702
-0.141921 0.126591 0.030389 0.983977 5429 5703
-0.032995 -0.164304 0.121749 0.773914 5436 5845
0.194447 0.002224 0.068895 0.897603 5448 5616
-0.047531 0.057503 0.278023 0.982822 5457 7024
0.008707 0.197175 -0.035933 0.953061 5459 5624
-0.023292 -0.082512 0.024523 0.936240 5461 5752
-0.161718 -0.009869 -0.093449 0.980792 5465 5819
0.049830 -0.061436 -0.045398 0.959282 5465 5879
-0.134644 0.110622 -0.096340 0.991457 5465 5998
-0.086579 -0.102528 -0.052832 0.964141 5465 6104
0.030358 -0.153003 -0.065459 0.993413 5465 6151
-0.028465 -0.172320 -0.058628 0.949632 5465 6424
-0.103276 -0.055474 -0.036341 0.944075 5465 6521
0.075698 -0.072938 -0.028565 0.979750 5465 6863
0.028234 -0.179053 -0.040560 0.951189 5465 6975
0.012777 -0.136782 0.016973 0.989894 5465 8107
0.044945 0.061448 -0.023167 0.796387 5465 9000
-0.036510 -0.074093 0.159625 0.987642 5469 6924
0.036090 0.023922 0.100059 0.978984 5469 7481
-0.148735 0.069477 0.027278 0.985899 5474 5952
0.029923 0.021459 0.087019 0.899375 5484 6712
-0.052146 0.083054 0.203686 0.939741 5490 6287
-0.049160 0.042277 0.171439 0.981623 5495 7009
0.027084 -0.073944 0.053316 0.740570 5499 6838
-0.135648 0.157820 0.384160 0.840019 5504 5862
-0.014179 -0.106764 0.096138 0.942090 5506 5742
-0.021289 0.077590 0.079784 0.986955 5506 6906
0.118616 0.126824 0.142630 0.998687 5507 6367
-0.298339 0.030283 0.244970 0.921185 5508 5871
-0.169737 0.121954 0.026645 0.995439 5510 5682
-0.053949 0.089282 0.048893 0.940706 5511 6249
0.116706 -0.214539 0.040938 0.993246 5518 5520
0.183301 0.014980 0.230931 0.994514 5528 6478
-0.034383 -0.221402 0.047086 0.982816 5543 5718
-0.201465 -0.205916 0.253446 0.961617 5547 6404
0.198949 0.099438 0.203830 0.984862 5554 6356
-0.192717 0.097900 0.126936 0.986073 5557 6238
-0.118845 -0.188536 0.358688 0.956903 5561 6094
-0.178552 -0.108003 0.026019 0.918765 5567 6100
-0.140241 0.060854 0.155288 0.977608 5584 6382
0.006900 0.001474 0.186740 0.927150 5591 6391
-0.069204 -0.012224 0.072132 0.934990 5595 6813
0.032045 -0.075032 0.199891 0.961016 5598 6608
0.049275 0.087722 -0.029610 0.978171 5600 5605
0.295783 0.098036 -0.357951 0.891386 5600 5721
0.062283 -0.106185 0.024461 0.903527 5600 7454
-0.076137 -0.101116 0.193751 0.930462 5600 7785
-0.253258 -0.162696 0.270413 0.985146 5602 5787
-0.063905 0.067939 0.080231 0.994811 5609 6952
0.012653 -0.277354 0.012018 0.949531 5622 5743
-0.209722 -0.015247 0.125373 0.979738 5625 6362
-0.080394 0.091825 0.192126 0.958209 5628 6364
-0.134616 -0.320738 0.173873 0.949294 5630 5874
-0.047936 -0.056997 0.079854 0.996816 5630 7584
-0.246588 -0.074486 0.119376 0.928802 5642 6703
-0.143350 -0.009725 0.171752 0.985543 5658 6398
0.154513 -0.085384 0.104502 0.988474 5659 6720
-0.064468 -0.064406 0.115147 0.989756 5659 7060
0.006060 -0.054356 0.159857 0.984429 5670 6962
-0.074542 -0.055282 0.165179 0.940280 5678 6628
0.069099 0.008252 -0.007868 0.973010 5680 5684
0.090618 -0.081394 -0.032963 0.940436 5680 6195
-0.007665 -0.006638 0.001321 0.167987 5680 6460
0.095580 -0.111423 0.004866 0.994051 5680 7252
0.039211 -0.003737 0.044168 0.986767 5680 9841
-0.016458 0.029564 0.092063 0.994378 5680 10104
-0.047383 -0.027236 0.019802 0.961952 5684 6460
-0.018893 -0.044304 0.107504 0.856786 5696 7147
-0.141906 0.038629 0.125499 0.988861 5702 6385
-0.061084 0.109360 0.019265 0.953369 5705 5892
-0.057971 0.136703 0.164581 0.971090 5708 6387
0.200665 0.299546 0.333268 0.980304 5715 6070
0.055234 -0.080077 0.071654 0.956074 5723 6719
-0.067366 0.046789 0.094399 0.997351 5726 8029
-0.243367 0.058029 0.068575 0.983771 5737 6138
-0.047437 0.083630 -0.093294 0.855179 5742 6906
-0.178906 0.032176 -0.116589 0.976139 5742 7685
0.113496 -0.017219 0.078107 0.620801 5742 7688
-0.039896 -0.149043 0.092379 0.859660 5742 7932
0.105025 0.056159 0.021435 0.673013 5742 7992
0.048386 0.081149 -0.016117 0.594308 5742 8322
0.089651 0.131646 -0.016834 0.983344 5742 8989
0.019749 -0.116249 0.131092 0.840699 5742 9162
-0.063218 -0.023395 0.004335 0.754560 5742 9424
0.048795 -0.038689 0.122832 0.996040 5743 7195
0.101724 -0.169169 0.014583 0.944670 5751 5818
0.085873 0.093538 0.027752 0.774304 5752 5995
-0.018548 -0.125492 0.011839 0.987805 5752 6315
0.021693 -0.168300 0.053622 0.723040 5752 6368
0.084640 -0.090981 0.087441 0.897113 5752 6465
-0.041868 0.122043 0.025158 0.995199 5752 7410
0.030676 -0.073191 0.087565 0.997789 5752 7753
-0.044253 0.030043 0.282184 0.996799 5755 6467
-0.080416 0.133691 0.134992 0.999703 5756 6574
-0.124064 -0.113628 0.357798 0.956026 5757 6262
0.073100 0.272842 0.015872 0.986042 5759 6106
0.017397 -0.013731 0.183153 0.994984 5768 7097
0.019669 -0.064578 0.160458 0.986169 5770 6929
-0.115796 0.116456 0.264074 0.817999 5777 6278
0.156851 -0.208496 0.094216 0.942150 5777 6279
0.071700 -0.148846 0.148625 0.999996 5778 6280
0.020057 -0.108583 -0.010654 0.921190 5784 6490
0.087063 -0.020960 0.025841 0.932801 5784 7001
0.070907 -0.053765 0.065172 0.959191 5784 8129
-0.074946 0.005975 0.084340 0.870052 5784 8792
-0.018247 -0.039757 0.151755 0.954084 5784 9140
-0.123975 -0.004555 0.141033 0.995069 5785 8248
0.110602 -0.019224 0.008813 0.997612 5794 6228
-0.104011 0.014488 0.070573 0.990521 5801 6825
-0.080721 0.158321 0.035958 0.945961 5804 6409
-0.023621 0.016342 0.075710 0.894861 5804 7239
-0.065801 0.123465 0.064862 0.986459 5806 6296
-0.087952 -0.004504 0.140499 0.994059 5810 6903
-0.224955 0.077079 0.082545 0.992096 5813 6245
-0.026074 -0.049309 0.167028 0.970219 5814 6907
0.003246 -0.153230 0.193275 0.959779 5817 6369
-0.069665 -0.212143 0.070937 0.840522 5824 7699
0.009221 -0.112328 0.110456 0.899539 5824 8463
0.007045 0.008248 0.108145 0.934543 5824 9175
0.026808 -0.049881 0.072331 0.929677 5828 7147
-0.028372 0.083493 0.037465 0.941492 5836 6124
-0.083762 -0.172884 0.023027 0.997321 5843 5963
-0.100287 0.148516 0.210974 0.935114 5872 6633
-0.110110 0.044281 0.053228 0.994426 5880 6585
-0.129729 0.138572 0.044845 0.876560 5892 6762
0.063586 -0.017581 0.124915 0.669938 5892 6935
0.008161 0.083571 0.138651 0.779623 5892 6986
0.014482 0.033225 0.117243 0.788978 5892 7438
-0.135226 0.027786 0.124419 0.932763 5906 5967
-0.369651 0.178086 -0.246299 0.874171 5910 6035
-0.027754 -0.144040 0.083900 0.938721 5939 7030
0.005712 -0.131034 0.136316 0.992519 5943 6922
-0.064323 0.057703 0.274689 0.927421 5945 6472
0.065626 0.178088 0.212642 0.993182 5950 6475
0.058719 -0.275248 -0.121005 0.936820 5951 6009
-0.065439 -0.023055 0.179055 0.992022 5952 7533
0.050143 -0.009270 0.067484 0.993051 5952 8177
0.031543 0.105541 0.020365 0.740634 5956 6122
0.121142 -0.038594 0.155291 0.977738 5956 7043
-0.072995 -0.140507 0.142481 0.992215 5958 6768
0.079090 0.010430 0.203810 0.991487 5962 6880
-0.007471 0.035007 0.158430 0.995162 5963 7386
0.154185 -0.032177 0.031484 0.935571 5967 7005
0.197108 0.060584 0.194432 0.991436 5986 6966
-0.032514 0.063505 0.093060 0.906041 5986 7132
0.108820 -0.101817 0.186987 0.980451 5986 7188
-0.006707 0.080901 0.125196 0.749641 5990 6905
-0.071770 0.255507 0.105880 0.988859 5997 6259
0.168745 -0.085889 0.117253 0.988660 6009 6643
0.018251 -0.099348 0.324753 0.993993 6025 6714
0.043068 0.150973 0.233559 0.993001 6041 6785
0.025354 -0.076650 0.065272 0.970742 6048 7580
0.013808 -0.183786 -0.011551 0.906154 6062 6597
-0.102610 0.033638 0.128162 0.988652 6076 7231
-0.142867 -0.053205 0.052791 0.981104 6078 6776
0.008580 -0.120574 0.001000 0.851746 6087 7070
0.042592 -0.133041 0.088727 0.993301 6097 6739
0.034252 0.014513 0.133320 0.989160 6098 8096
-0.190473 -0.071068 0.104202 0.891368 6103 6576
-0.173196 0.286223 0.145251 0.986223 6122 6534
-0.022857 0.107831 -0.004131 0.994440 6124 6484
0.028008 -0.184030 0.043664 0.939073 6124 6940
0.088692 0.129405 0.015913 0.923239 6130 6950
-0.000152 -0.083932 0.150459 0.753189 6130 7329
-0.127702 0.050131 0.103666 0.943846 6156 7819
0.005256 -0.077735 0.080377 0.997891 6162 7491
-0.056268 -0.157956 0.152984 0.896178 6182 6837
-0.075077 0.237732 0.190231 0.932636 6185 6668
-0.099739 -0.156854 0.417000 0.969179 6191 6905
-0.128251 0.058258 0.072621 0.748807 6192 6905
-0.052337 0.057316 0.061474 0.831163 6195 6460
-0.096798 0.127412 0.128954 0.947900 6199 6260
-0.088003 -0.080571 0.184507 0.971742 6205 7150
-0.091140 0.029998 0.419627 0.974396 6211 6932
-0.121205 -0.137386 0.121535 0.979304 6214 6871
-0.034350 -0.223535 0.137598 0.988422 6233 7013
0.105989 -0.155563 0.069709 0.984368 6234 6455
-0.100534 -0.063887 0.091500 0.984833 6238 6788
-0.102095 0.014215 0.061491 0.959290 6242 6842
-0.046954 0.111247 0.019026 0.994641 6246 6568
-0.041334 0.065573 0.145284 0.993814 6251 7350
-0.057772 -0.028542 0.115109 0.983616 6253 8153
0.065167 -0.104792 0.160106 0.931009 6257 6971
0.060497 -0.085287 0.004425 0.950868 6260 7586
-0.092438 -0.146503 0.162303 0.885870 6283 6655
0.024794 0.073615 0.220651 0.920881 6289 7010
0.018226 0.098649 0.173888 0.939023 6292 7286
-0.140216 -0.098614 0.109446 0.952409 6293 7065
0.009961 -0.002438 0.072298 0.771214 6293 8705
-0.108579 -0.029875 0.047904 0.999936 6299 6838
-0.022685 0.009688 0.181475 0.913792 6299 7183
-0.073074 -0.197669 0.151771 0.976971 6306 6416
-0.173613 0.022924 -0.062246 0.989762 6308 6792
-0.119010 0.102861 0.063114 0.953211 6308 7928
0.075660 0.032297 0.072865 0.995581 6308 8873
0.104915 0.334220 -0.058106 0.877751 6310 6311
0.391864 -0.045178 -0.050788 0.897570 6311 6848
-0.109512 0.004772 0.048997 0.594036 6311 7811
-0.056347 0.101959 0.052157 0.938860 6325 6586
0.049233 0.051290 0.150885 0.790572 6327 8348
-0.008748 0.062131 0.131207 0.991617 6329 7662
-0.066103 0.181275 0.107481 0.760198 6330 6597
0.096588 0.135563 0.064191 0.972178 6334 6769
-0.016764 0.031790 0.136807 0.832844 6339 7445
-0.017806 -0.111729 0.044385 0.828994 6359 7297
-0.230320 -0.123297 -0.095446 0.874458 6383 6478
0.034330 -0.139766 0.020362 0.916725 6383 6868
-0.084618 0.059098 0.028215 0.814186 6405 7392
0.091003 -0.120395 -0.005342 0.982923 6416 7250
-0.118778 0.029779 0.171426 0.991563 6418 7691
-0.058088 0.195027 0.298921 0.912977 6419 7025
-0.067371 -0.179814 -0.107396 0.969250 6435 6480
-0.074750 0.080335 0.068466 0.964311 6435 7098
-0.060894 0.123068 0.161859 0.901404 6435 7709
-0.096454 -0.233465 0.019366 0.863318 6435 8008
0.111271 0.049018 0.018696 0.889384 6435 8179
0.035082 -0.121662 0.083259 0.806653 6440 6813
0.022704 0.008294 0.114557 0.820435 6448 7976
-0.051508 0.036302 0.058071 0.893739 6459 7297
0.110629 0.001769 -0.057415 0.957184 6460 6570
-0.131455 0.016049 0.026799 0.909951 6460 7022
0.061624 -0.092301 -0.035134 0.769200 6460 7252
0.052517 -0.002451 0.004912 0.929497 6460 8096
-0.033516 -0.152333 0.040752 0.939865 6460 8548
-0.088537 -0.013427 0.076517 0.996736 6460 9050
-0.043933 -0.107303 0.078518 0.830839 6460 9052
0.002444 -0.058316 0.053817 0.795801 6460 9367
-0.061068 -0.015590 0.148354 0.953157 6460 9776
0.025404 0.016761 0.038122 0.879832 6460 9841
-0.101168 -0.285539 0.028037 0.985898 6465 6681
-0.412545 -0.241187 0.076942 0.989337 6475 6808
-0.272246 -0.138101 0.245854 0.999732 6478 7273
-0.023653 -0.189825 0.083636 0.941231 6486 6711
0.134186 0.094661 0.205173 0.983938 6495 7059
-0.084676 0.112796 0.077368 0.865098 6504 6838
0.077274 -0.110318 0.023479 0.967244 6522 6578
0.180738 -0.150630 0.089978 0.841958 6537 7487
-0.065816 0.001587 0.102473 0.753543 6551 7503
0.102237 -0.099485 0.158569 0.995680 6556 7504
0.120364 -0.211511 0.157772 0.985919 6565 7133
-0.142873 -0.028127 0.043240 0.982887 6585 6861
0.279033 -0.119167 0.264583 0.964450 6591 6980
0.158190 -0.215820 0.133106 0.813629 6603 6712
0.178413 -0.255603 -0.043292 0.980267 6610 6718
0.148777 -0.171562 0.035483 0.761590 6615 6616
0.039189 -0.040797 0.153157 0.983163 6620 7296
-0.005749 -0.070561 0.023454 0.825947 6643 8348
-0.175051 0.070015 0.065111 0.998759 6658 7166
-0.185808 0.172323 0.223503 0.961525 6665 7460
-0.021947 -0.068353 0.224711 0.974844 6685 8223
0.025935 -0.061296 0.163923 0.990173 6689 7646
0.335035 -0.216532 0.082419 0.973374 6691 6861
0.125996 -0.000633 0.327988 0.977534 6692 7358
0.049851 0.181178 0.105537 0.979433 6694 7271
0.024279 0.140709 0.249172 0.924371 6695 7365
-0.169260 0.182136 0.136481 0.916876 6712 7612
-0.176438 -0.137509 0.016929 0.958012 6712 8127
0.000402 -0.085067 -0.003088 0.887476 6712 8130
0.085845 0.049347 0.100962 0.835059 6712 8798
0.011329 -0.123705 0.162526 0.763482 6721 7284
-0.080339 -0.095929 0.009881 0.874473 6728 6788
-0.118279 -0.017215 0.130106 0.938489 6749 10071
-0.082686 -0.030573 0.151008 0.967877 6749 10116
-0.010390 -0.072538 0.077245 0.974598 6749 10117
0.035608 -0.047425 0.224685 0.974019 6749 10228
-0.044840 0.058488 0.166838 0.996581 6749 10269
-0.042569 -0.004309 0.177064 0.930080 6754 7946
0.112531 0.138154 0.328857 0.995702 6773 7278
-0.093267 0.028574 -0.138501 0.664979 6788 7464
0.019091 -0.180718 0.048486 0.808164 6788 7635
-0.119238 0.041516 -0.038124 0.825231 6788 8037
0.021312 0.097135 0.128276 0.938086 6788 9211
-0.141086 0.027988 0.163965 0.954991 6789 8040
0.077051 -0.047087 0.099252 0.973176 6793 7930
-0.009398 -0.003912 0.171449 0.970614 6794 8388
0.008573 -0.066754 0.147306 0.977846 6800 8103
-0.172703 0.271337 0.178694 0.998868 6805 6923
0.016181 0.120827 0.180791 0.991750 6806 7820
-0.096541 0.121258 0.073898 0.975302 6810 7042
-0.038663 0.089055 0.084077 0.992826 6812 7948
0.026226 0.134431 0.081748 0.778241 6813 7277
0.117330 -0.022876 0.092847 0.966822 6813 7383
-0.031251 0.081650 0.147552 0.908705 6815 7669
-0.159295 0.103383 0.314622 0.971226 6829 8257
-0.020193 0.052271 0.174623 0.973524 6832 7981
0.142648 0.040571 0.003849 0.965486 6838 7020
0.143593 0.121497 0.012530 0.906885 6838 7183
-0.078784 -0.003963 0.073325 0.976310 6838 8260
-0.021556 -0.061719 0.089952 0.877442 6838 8765
-0.165044 0.076742 0.201662 0.994439 6848 7811
0.025494 -0.169338 -0.016487 0.863597 6850 7028
-0.073992 0.038824 0.096432 0.963239 6864 7818
-0.025450 -0.138655 0.141316 0.986773 6870 7536
0.251858 0.163437 0.080102 0.941427 6873 7322
0.191050 -0.051185 0.038788 0.999750 6875 7276
-0.008336 -0.019375 0.097469 0.973018 6876 9134
0.090825 -0.145828 0.190468 0.997235 6882 7496
-0.083777 0.062471 0.239733 0.997830 6894 7795
-0.073497 -0.103030 0.091887 0.920286 6903 7342
0.008596 0.134319 0.142884 0.956193 6904 7808
-0.036859 0.142241 0.207220 0.986364 6910 8392
0.021136 -0.096344 0.155190 0.964666 6932 7950
-0.119864 0.074693 0.047568 0.559406 6936 7487
0.024483 -0.112460 0.036394 0.991858 6942 7446
-0.608113 0.178948 0.265310 0.961601 6963 7019
-0.042434 0.012634 0.083830 0.951488 6973 8999
0.089682 -0.098893 0.241830 0.821926 6978 7364
0.108055 0.332891 -0.036643 0.840320 6979 6980
0.058342 -0.078694 0.263381 0.996320 6979 7826
-0.037587 -0.123100 0.190510 0.926747 6993 7542
-0.139499 0.044745 -0.041634 0.936114 6995 7325
0.101354 -0.033429 0.210674 0.990217 7005 7970
-0.125123 -0.004673 -0.003593 0.997488 7009 7171
-0.208157 0.051853 0.194642 0.976880 7009 7910
-0.002183 -0.118990 -0.038211 0.898855 7015 7289
-0.151643 0.160802 0.262494 0.946446 7017 7512
0.331970 0.058008 0.217263 0.834952 7018 7184
-0.006199 0.121686 -0.057871 0.799716 7020 7183
0.082150 0.140011 0.167660 0.712048 7020 7681
-0.087081 0.037604 0.064348 0.971761 7021 7803
-0.185132 -0.001954 0.152395 0.837105 7022 7299
0.154997 -0.016468 0.048907 0.974536 7024 7197
-0.069326 0.014151 0.002586 0.924982 7024 7342
0.102228 -0.043708 0.086782 0.999090 7024 8213
-0.082874 -0.142898 0.173797 0.999796 7024 8324
0.000540 0.005880 0.126706 0.965749 7030 8998
-0.018106 -0.242855 0.008228 0.982561 7054 7110
-0.002152 -0.283900 -0.041361 0.928564 7056 7162
-0.092793 -0.303010 0.110178 0.969609 7067 7290
-0.094608 0.048542 0.086178 0.947059 7069 8375
-0.162634 -0.164493 0.109097 0.997777 7070 7511
-0.026906 -0.099952 -0.004564 0.745574 7070 7803
-0.143352 0.102722 0.323511 0.990456 7073 7803
-0.058444 -0.213027 -0.122432 0.999444 7088 7939
0.002968 0.052350 0.105247 0.868315 7088 9276
-0.072938 0.098798 0.343759 0.973049 7093 7698
0.032448 0.123475 0.046054 0.870264 7101 8291
-0.041683 -0.062447 0.179117 0.967020 7104 7953
0.020417 -0.045192 0.286361 0.942969 7111 7842
-0.063371 0.119703 0.030032 0.999059 7114 7613
0.122699 0.167329 0.015402 0.856150 7129 7462
-0.101988 0.005938 0.043843 0.947182 7132 8377
0.150067 -0.132409 0.098176 0.997977 7133 7341
-0.295804 -0.186647 0.020510 0.997193 7136 7341
-0.031266 -0.036777 0.142654 0.924675 7142 8999
0.051490 -0.418585 0.046598 0.974385 7144 7207
-0.002321 -0.062702 0.069608 0.729238 7145 7943
0.137128 -0.070228 0.154738 0.903767 7147 7434
-0.050610 -0.143857 0.023993 0.946001 7147 7702
0.078320 -0.183890 0.130441 0.966971 7148 7946
-0.046483 -0.287340 0.042904 0.955602 7149 7150
0.203062 -0.126909 0.241363 0.990541 7154 7710
-0.122636 0.563659 0.078299 0.961389 7158 7275
0.069103 -0.120658 0.161103 0.998876 7181 7801
-0.106946 0.072559 0.178929 0.976736 7187 7922
-0.142758 -0.004483 0.175194 0.986031 7213 8058
0.039752 0.255336 0.227551 0.998023 7216 8113
0.056512 0.083233 0.208989 0.997673 7218 7953
0.028666 0.007008 0.051585 0.671106 7224 9395
0.035570 -0.011356 0.061755 0.922407 7224 9605
-0.056772 -0.148113 0.135469 0.916988 7233 7729
-0.172334 -0.042419 0.102582 0.979917 7235 7976
-0.144724 0.059235 0.049311 0.891420 7239 8082
0.023648 -0.076816 -0.017840 0.711823 7239 8312
-0.057254 0.016228 0.063725 0.834184 7239 8974
0.074728 -0.037391 0.013303 0.884409 7244 8148
-0.256800 0.077182 0.099121 0.996840 7277 7840
0.320862 -0.449562 0.469118 0.885258 7282 7393
0.004616 -0.020451 0.063723 0.788269 7289 9576
0.087501 -0.044131 0.071996 0.920280 7294 8315
0.039181 0.150614 0.079658 0.805277 7297 7570
0.039016 0.169459 0.210656 0.914343 7297 7924
-0.046244 0.047598 0.059361 0.809226 7297 8445
0.023276 0.061478 0.167774 0.941715 7297 8865
0.043753 -0.000444 0.458776 0.731627 7312 7700
-0.051201 0.280892 0.074071 0.988512 7314 7659
0.074705 -0.066631 0.140257 0.864140 7333 8310
-0.137462 -0.057083 0.098775 0.988589 7342 9098
0.069753 -0.024657 0.150513 0.877717 7342 9101
0.014987 0.055184 0.119239 0.963206 7342 9426
0.041939 -0.068389 0.139829 0.897717 7343 8322
0.050155 -0.106938 0.015669 0.843692 7344 8388
-0.234869 -0.088308 0.051707 0.961611 7344 8545
-0.025860 0.134273 0.193067 0.884326 7344 8664
0.065973 -0.058406 0.112071 0.875416 7358 8560
0.484507 0.044202 -0.048000 0.902986 7370 7372
-0.142298 -0.007269 0.426981 0.963770 7371 7770
-0.066364 -0.130121 0.182154 0.991811 7377 8952
-0.068325 0.134469 0.252672 0.868568 7380 7899
0.062021 -0.047632 0.145611 0.961990 7392 8699
0.291344 -0.348401 0.609359 0.954278 7393 8255
-0.251202 0.090184 0.035594 0.947907 7399 7560
0.250354 -0.180480 0.228751 0.749567 7428 7590
0.111160 -0.125384 0.112650 0.892855 7428 7818
0.040106 -0.120905 -0.045010 0.966426 7431 7481
0.036466 -0.191223 0.115003 0.771453 7434 7764
-0.180709 0.051291 0.109859 0.977341 7437 8177
0.232204 0.011307 0.219570 0.913675 7439 8011
0.323351 -0.062530 0.297481 0.930508 7442 7664
-0.029231 -0.034024 0.159968 0.870739 7445 8687
-0.032705 -0.023908 0.086560 0.945627 7446 9285
0.123798 0.133914 0.087256 0.522528 7458 7503
0.010906 0.000185 0.277227 0.900873 7458 8256
0.010730 -0.214354 -0.027664 0.995014 7461 7462
-0.032367 0.025140 0.272627 0.729423 7462 7864
-0.168321 0.018044 0.199157 0.988433 7467 8381
0.175440 -0.150883 0.393078 0.974079 7476 7882
0.000982 -0.210591 0.136722 0.885154 7479 7592
0.014338 -0.113807 -0.002957 0.895984 7481 7890
-0.033900 -0.010056 0.120964 0.918292 7481 9234
-0.093886 -0.041042 0.139294 0.999414 7486 9238
0.162738 0.030828 0.097605 0.997795 7487 7720
-0.049400 -0.085977 0.090961 0.995885 7487 8406
0.025220 -0.154765 0.165892 0.938003 7489 8181
-0.294026 -0.199630 -0.125154 0.929867 7503 7733
-0.003939 0.090352 0.082143 0.876133 7503 7976
0.117100 -0.045706 0.017102 0.963179 7503 7981
-0.003009 -0.021571 0.052911 0.393074 7503 8256
0.083975 -0.351211 0.006790 0.999019 7509 7740
-0.128070 0.009161 0.068346 0.986668 7509 8707
0.139042 -0.072484 -0.047615 0.690068 7511 7803
0.016537 -0.027873 0.088355 0.962125 7519 9216
-0.089459 -0.006830 0.035580 0.982232 7525 7876
0.010606 -0.082973 0.185263 0.916597 7526 8999
-0.088907 0.111755 0.070286 0.997505 7528 8000
-0.184004 0.079342 0.011669 0.977897 7540 7835
-0.132425 -0.299584 0.049610 0.780998 7543 7775
-0.229193 0.073935 0.474966 0.993803 7550 8018
-0.073408 -0.125507 0.084911 0.968270 7556 8253
0.061311 -0.176106 0.126659 0.965940 7567 8444
-0.028788 -0.101081 0.056248 0.889975 7568 8315
0.063530 -0.022702 0.151013 0.973807 7578 8872
-0.143099 -0.008334 -0.014314 0.888580 7580 7642
-0.017430 -0.067001 0.059895 0.993750 7580 9370
0.073108 -0.299459 0.030162 0.742154 7590 7818
-0.017241 0.084189 0.205480 0.956242 7594 8623
0.006037 -0.101207 0.064496 0.982076 7594 8836
-0.011618 -0.107757 0.170244 0.964813 7596 8399
-0.085912 -0.276998 0.073941 0.995994 7597 7823
0.056093 -0.079700 0.284545 0.925004 7604 8238
0.019741 -0.209348 0.156737 0.971926 7611 8125
0.080407 -0.104263 -0.019445 0.858164 7617 8251
0.294890 -0.226214 0.216977 0.922269 7618 7850
0.130556 -0.222972 0.325860 0.960945 7624 7977
-0.011561 0.174732 0.116894 0.961227 7628 8312
0.326484 -0.437945 -0.132611 0.993448 7633 7634
0.140620 -0.068485 0.106280 0.836961 7644 8155
-0.202446 0.057006 0.145066 0.986660 7674 8135
-0.112742 -0.125573 0.142446 0.979103 7675 8255
-0.085352 -0.061904 0.097236 0.985295 7691 8822
0.153513 -0.033392 0.351988 0.970956 7699 8463
0.009768 -0.027084 0.238828 0.986649 7707 9383
-0.088407 0.103393 0.031476 0.987684 7716 8177
0.044845 0.047830 0.226906 0.931402 7721 8575
-0.148543 0.066165 0.160041 0.953078 7724 8473
-0.079134 -0.030571 0.037495 0.991726 7735 8970
-0.093406 -0.110091 0.076223 0.961578 7736 8703
0.027618 -0.137642 0.131220 0.997220 7742 8600
-0.153878 -0.063956 0.154772 0.939191 7780 8688
-0.123727 0.061871 0.215119 0.898610 7794 8429
0.237382 -0.091453 0.227420 0.997396 7796 8432
-0.097821 0.193471 0.146547 0.984912 7799 8203
-0.035926 -0.001350 0.373137 0.724481 7800 8261
0.041981 0.074190 0.129969 0.981449 7803 8443
-0.064938 0.013855 0.150545 0.972855 7803 8980
0.031665 -0.175768 0.187129 0.997665 7811 8713
-0.051242 0.031234 0.156988 0.989571 7812 8873
0.252011 0.366949 0.254211 0.934984 7815 8165
0.030178 0.092832 0.125037 0.950506 7821 9117
-0.033092 0.070209 0.068086 0.918568 7825 9061
0.096967 -0.002678 -0.030349 0.301771 7847 7848
-0.192002 -0.458482 -0.009342 0.975468 7852 7971
0.049542 -0.129807 0.087610 0.952781 7856 8487
0.097918 -0.240907 0.118967 0.919791 7857 8139
0.091515 0.012884 0.046481 0.854015 7858 7982
-0.095776 0.188162 0.303580 0.744719 7864 8314
-0.040102 -0.190133 0.280215 0.861119 7882 8224
-0.009228 -0.113657 0.089694 0.990967 7889 9855
-0.035864 0.125219 0.085818 0.969500 7895 8470
0.303102 0.048744 0.216355 0.972596 7901 8583
0.154688 -0.143037 0.031170 0.988516 7902 8248
0.074414 -0.046829 0.009605 0.760732 7905 8254
0.155413 0.089763 0.093332 0.993762 7906 8132
-0.076132 -0.064150 0.160619 0.992895 7906 8801
0.106119 0.028285 0.280965 0.943236 7916 8538
0.161759 -0.017897 -0.083315 0.972005 7926 7931
-0.133341 0.073385 0.005649 0.975735 7926 8987
0.162626 -0.094297 0.096667 0.972702 7926 9584
-0.129799 -0.245980 0.336039 0.995532 7934 8879
-0.067482 0.112345 0.160399 0.950064 7943 8558
0.010376 -0.251769 -0.165631 0.977706 7943 8620
-0.076129 -0.052295 0.106882 0.939755 7943 9494
-0.001493 0.034838 0.100768 0.815130 7943 9702
0.089748 -0.097020 0.124368 0.997531 7945 8732
-0.282122 -0.267071 0.195139 0.869261 7971 8423
-0.079082 -0.042622 0.034032 0.912374 7976 8026
0.113183 0.017590 -0.013290 0.972892 7976 8035
-0.086644 -0.153585 0.053374 0.920112 7976 9087
-0.004424 -0.108993 0.095294 0.962180 7980 9256
-0.090351 0.115757 0.051361 0.970184 7982 8808
0.033099 0.002354 0.138586 0.845122 7982 9416
-0.060625 0.027778 0.107359 0.991462 7984 9615
-0.060322 -0.101823 0.274452 0.870919 7985 8595
0.123466 -0.025675 0.251711 0.938446 8008 8902
-0.129866 0.043025 0.148323 0.977719 8010 8844
0.058294 -0.016078 0.220219 0.958500 8010 9133
-0.088342 0.109794 0.149947 0.994780 8013 9069
-0.086191 -0.118193 0.126751 0.421844 8014 8354
-0.097485 0.017998 -0.013496 0.902595 8017 9395
0.062593 -0.049433 0.122300 0.926307 8029 9089
0.116616 0.057994 0.080900 0.917733 8051 8999
0.012104 -0.275161 -0.177712 0.890213 8059 8175
-0.355456 -0.008848 0.280519 0.969632 8063 8571
0.103798 0.098010 0.308205 0.995049 8064 9067
0.210735 -0.151688 -0.095608 0.946521 8077 8304
-0.016788 0.243033 0.112998 0.920410 8082 8199
-0.048334 -0.026691 0.067982 0.795685 8092 9537
-0.049873 -0.028224 0.075181 0.931449 8096 9587
-0.027051 0.053609 0.053463 0.990698 8096 9841
0.026345 -0.005511 0.062469 0.709745 8096 10111
0.005145 -0.151195 0.002978 0.982046 8099 8394
0.082976 -0.033292 0.066561 0.888759 8100 8999
0.010250 -0.105552 0.082594 0.541982 8108 9000
-0.034434 -0.044534 0.142658 0.951687 8118 9500
-0.072399 -0.209148 0.133398 0.998483 8130 8914
-0.270470 -0.184042 0.119358 0.958301 8131 8359
-0.048904 -0.065244 -0.001554 0.318541 8148 8543
-0.112615 0.040897 0.149554 0.909810 8148 9212
0.096589 0.016431 0.004298 0.587540 8148 9215
-0.121553 -0.115177 0.061824 0.999975 8148 9770
-0.016480 0.088805 0.142410 0.982069 8148 10065
0.026391 -0.068721 0.016545 0.796708 8158 8162
-0.023019 -0.097852 0.181885 0.996323 8158 9320
-0.126674 -0.031980 0.060807 0.965446 8162 8939
-0.026518 -0.095156 0.125060 0.926356 8174 8947
-0.141625 0.343320 0.431017 0.801564 8190 8420
0.051677 -0.153731 0.053499 0.911150 8204 8443
0.008856 0.077691 0.162246 0.988189 8217 9629
0.172954 -0.088764 0.152659 0.998839 8223 9112
0.072963 -0.009484 0.163385 0.907717 8224 9277
0.275193 -0.299358 0.420052 0.943819 8226 8511
0.174224 -0.177871 0.135238 0.981613 8242 9134
-0.135625 0.097838 0.070995 0.953063 8247 8689
0.084661 -0.062798 0.087736 0.997048 8255 9410
-0.042493 0.049717 0.228152 0.995359 8256 9038
-0.208240 0.186704 0.213019 0.990688 8259 8702
-0.121136 0.009290 0.245683 0.941805 8274 8877
0.063618 0.095895 0.241264 0.968370 8295 8951
0.177368 -0.146545 0.008013 0.970938 8297 8473
0.117708 0.139662 0.254398 0.958323 8300 8963
-0.161083 -0.147181 0.146782 0.834631 8314 8598
-0.166645 0.103354 0.004081 0.762711 8315 8596
-0.098206 -0.092331 0.095973 0.993763 8319 9261
0.083314 -0.023677 0.139848 0.972685 8319 9737
0.046495 -0.119863 0.206766 0.956479 8337 8943
-0.135924 -0.162390 0.166897 0.983984 8342 8780
-0.053254 -0.150914 0.106311 0.989807 8343 9061
0.107749 -0.068108 0.019056 0.917119 8348 9014
-0.180614 -0.242936 -0.079583 0.888489 8348 9178
-0.075688 0.008320 0.006915 0.928151 8348 9706
0.014055 0.104467 0.078628 0.905769 8348 10129
-0.022960 0.282368 0.207356 0.589304 8351 8412
-0.144689 0.078233 0.309137 0.955186 8353 9605
-0.081337 0.190191 0.071962 0.995718 8355 8956
-0.037323 0.031000 0.096173 0.810644 8357 9341
-0.062198 -0.152785 0.235235 0.993572 8360 9033
0.036750 0.111064 0.227596 0.994184 8361 9034
-0.114824 0.172424 0.096772 0.990570 8364 8917
0.033650 -0.063826 0.098798 0.944143 8381 9306
0.075397 -0.048345 0.153003 0.957739 8383 9307
-0.050284 -0.125018 0.150541 0.972751 8400 9497
0.063980 0.009411 0.215949 0.996192 8406 9442
-0.060956 0.336397 0.023739 0.978430 8409 8634
0.064512 -0.075611 0.094657 0.969093 8427 9519
-0.122026 -0.091545 0.070685 0.975182 8432 9198
0.093034 -0.116613 0.015578 0.945937 8434 8706
0.078254 -0.109339 0.115358 0.972750 8435 9150
-0.101044 -0.041422 0.043305 0.995333 8443 9355
0.080501 0.000604 0.026186 0.984546 8444 9424
0.474496 0.115065 0.062744 0.854765 8447 8448
-0.130545 -0.002351 0.027105 0.840889 8458 8999
-0.003658 -0.040039 0.139673 0.961684 8476 9718
-0.056259 -0.206954 0.134711 0.944444 8494 8815
0.221485 0.325287 -0.000531 0.792974 8502 8549
-0.039350 0.088729 0.077954 0.936886 8510 8999
0.052588 -0.113739 0.016023 0.884644 8527 9190
-0.040022 -0.089829 0.091937 0.932575 8543 9770
-0.114155 0.168511 0.069930 0.979850 8557 8895
0.027652 0.091101 0.149825 0.997684 8560 9549
0.019641 0.078042 -0.014261 0.730504 8565 8785
-0.058971 -0.057732 0.044502 0.966730 8565 9383
-0.131590 0.170865 0.041322 0.981902 8566 9177
0.034923 0.007046 0.157744 0.958912 8568 10039
-0.264690 0.156311 0.196358 0.915595 8571 9280
-0.071463 -0.141581 0.280309 0.911390 8579 9020
0.180046 -0.104940 0.123205 0.983192 8584 8916
-0.160274 0.051584 0.359420 0.991789 8587 9409
-0.211246 0.098860 0.099669 0.739125 8590 8700
-0.067386 -0.116285 0.138047 0.832853 8590 9089
0.079861 -0.095447 0.140473 0.935667 8595 9355
-0.092400 0.318271 0.007104 0.959389 8597 8653
0.057873 -0.125052 0.014579 0.990568 8601 8986
-0.227015 -0.169119 -0.000799 0.741511 8612 8826
-0.043458 -0.072173 0.136378 0.985524 8630 9808
-0.128820 0.021281 0.036595 0.920733 8636 9653
0.199744 0.132827 0.265432 0.997498 8640 9561
-0.090167 -0.188428 0.106087 0.979440 8642 8955
-0.062131 -0.094108 0.264313 0.612267 8644 8749
0.142943 -0.141108 0.139403 0.955729 8660 9472
-0.027168 -0.236600 0.067844 0.986190 8668 8717
-0.047962 -0.211994 0.079470 0.916242 8674 8727
-0.045525 -0.013133 0.168765 0.966191 8690 9753
0.088407 -0.202292 0.112395 0.970124 8703 9041
-0.163621 0.086018 0.020639 0.825151 8715 8823
-0.045186 0.101189 0.087500 0.980453 8717 9632
0.339581 0.112314 0.064160 0.970946 8722 8890
-0.053270 0.046993 0.166155 0.977103 8722 9848
-0.065721 0.338585 0.167570 0.975493 8741 9137
0.104476 -0.055938 0.176087 0.967282 8741 9395
-0.288827 -0.151320 0.134530 0.792941 8745 9072
-0.168315 -0.058126 0.051320 0.828565 8746 9605
0.008155 -0.090968 0.231447 0.841235 8749 9608
-0.270263 0.164945 -0.061148 0.942278 8761 9092
0.044366 -0.091617 0.048534 0.974935 8762 9417
-0.011968 0.163282 -0.076568 0.976101 8802 9291
0.054762 -0.014170 0.067142 0.956588 8817 9216
-0.082247 -0.004777 0.223013 0.970121 8819 10007
-0.053820 -0.120792 -0.006525 0.850927 8831 8999
-0.127933 0.016150 0.070124 0.919661 8836 9703
0.084837 -0.236080 0.032834 0.990906 8839 9011
-0.129460 0.047020 -0.022686 0.905701 8856 8966
0.376158 0.061788 0.093403 0.916157 8863 9154
-0.185599 -0.087829 0.016822 0.954547 8867 9360
0.092758 -0.116922 0.262129 0.929716 8875 9373
-0.045576 -0.067678 0.102430 0.886058 8878 9841
0.067367 -0.134093 0.051712 0.723358 8880 8998
-0.057147 -0.110355 0.017139 0.627657 8881 9846
-0.323372 -0.205485 0.033703 0.886838 8891 9172
-0.020378 0.117462 0.131136 0.942533 8897 9598
-0.213769 0.036014 0.198921 0.964399 8900 9926
-0.049095 -0.101606 0.168706 0.921515 8953 9651
-0.090257 0.157963 0.098716 0.996951 8956 9289
0.245378 -0.275404 0.154758 0.999353 8962 9146
0.117929 -0.275971 0.099436 0.997386 8963 9344
-0.128459 0.083167 0.111689 0.997853 8966 9343
-0.231025 0.118882 -0.017467 0.990393 8968 9083
0.076653 -0.055206 0.034806 0.999946 8970 9672
-0.078293 -0.073686 0.221427 0.993212 8972 9948
-0.085284 0.071574 0.072690 0.948208 8974 9733
-0.138553 -0.067640 0.119196 0.989938 8979 9299
-0.053291 0.110041 0.052355 0.998225 8980 9355
-0.127671 0.055830 0.158266 0.978885 8983 9834
-0.092852 -0.135852 0.037633 0.940118 8987 9159
0.159191 0.018036 0.041187 0.988578 8999 9323
-0.096703 -0.040755 -0.019924 0.951505 8999 9376
-0.048430 0.053481 0.029589 0.873638 8999 9742
0.069948 -0.012254 0.032086 0.792175 8999 9912
-0.067383 -0.114160 0.242086 0.845105 8999 10285
-0.065887 0.109858 -0.031146 0.908158 9000 9799
0.057352 -0.100915 0.108994 0.916930 9000 9913
-0.233215 0.006534 0.122718 0.973616 9010 9859
0.328618 0.322511 0.279681 0.892342 9030 9188
-0.269234 0.095396 0.004889 0.988456 9038 9087
-0.167715 0.081161 -0.005183 0.977115 9042 9151
0.180977 -0.016910 0.087296 0.968675 9052 9367
0.005914 0.151882 0.061334 0.980805 9059 9326
-0.241595 0.035585 0.170477 0.980818 9060 9495
0.082290 -0.103820 0.064375 0.947578 9066 9501
0.220106 0.158211 0.133609 0.999456 9080 9458
-0.170424 -0.007379 0.117904 0.995282 9084 9346
0.073489 -0.064938 0.048816 0.633640 9084 9409
0.072193 0.083184 0.139756 0.902464 9098 9426
-0.123749 -0.196963 0.382654 0.979236 9104 9363
0.043117 -0.022383 0.153189 0.990800 9111 10209
0.212976 -0.105454 0.162063 0.916104 9114 9434
0.001147 0.116950 0.024838 0.983828 9119 9328
0.065247 0.250276 0.314237 0.977189 9121 9707
0.062196 -0.076863 0.142128 0.940534 9137 9395
0.012728 0.059050 0.158758 0.981254 9139 10238
0.117042 -0.180812 -0.009180 0.744651 9159 9684
0.175141 -0.120242 0.071475 0.928843 9174 9433
0.044233 0.151991 0.159280 0.830655 9188 9190
0.104269 0.097545 0.091983 0.959785 9190 9342
-0.149541 0.058181 -0.039127 0.808150 9190 9724
-0.065575 0.115576 0.292342 0.969055 9192 9612
-0.154499 -0.104989 -0.072680 0.836803 9216 10002
0.003316 0.119440 0.046347 0.902727 9216 10205
0.053333 -0.159633 0.083361 0.941484 9225 9967
-0.073311 0.059847 0.077835 0.889770 9260 9762
-0.115611 -0.060486 0.088438 0.605485 9273 9792
-0.029281 0.076807 0.035366 0.898208 9276 9696
-0.133274 0.012145 0.162524 0.995326 9276 10155
0.029066 -0.087325 0.022989 0.911102 9280 9500
0.068587 0.170207 0.061445 0.919193 9285 9336
-0.068006 0.040117 0.137444 0.753569 9285 9717
-0.051890 0.098484 -0.144929 0.728577 9287 9395
0.094653 -0.122584 -0.017528 0.702504 9287 9605
0.169209 0.162260 0.337551 0.974859 9287 9723
0.081597 -0.015876 0.126248 0.970881 9312 9903
0.009626 0.136442 0.449475 0.999609 9315 10108
0.009576 0.169356 0.058979 0.975888 9326 9595
-0.089214 -0.153108 0.087447 0.945961 9336 9717
-0.065861 -0.035866 0.228865 0.673157 9336 10186
0.076943 -0.124494 0.227406 0.952376 9336 10255
0.170857 0.009696 0.342315 0.640189 9337 9397
-0.063914 -0.056429 0.349599 0.982053 9355 10278
-0.037857 0.057769 0.055029 0.895032 9370 10244
0.035781 -0.112892 0.076614 0.722254 9382 9496
-0.096527 0.176470 -0.003025 0.973657 9382 9802
0.028337 -0.025982 0.042695 0.741129 9395 9605
0.112290 -0.030564 0.149737 0.990587 9395 9723
0.121696 0.092174 0.261245 0.883748 9400 9754
-0.005171 0.105221 0.216402 0.968294 9401 10136
-0.022137 -0.180418 0.116238 0.995880 9402 10051
0.096814 -0.121068 0.132023 0.962040 9404 10140
0.100217 -0.076848 0.265860 0.885371 9406 10053
-0.008202 -0.269241 0.117037 0.962586 9409 9665
-0.146922 0.287552 0.100294 0.958051 9427 9478
-0.115853 0.108315 0.100348 0.933561 9432 9490
0.160925 0.115313 0.269673 0.980891 9450 9937
-0.080665 0.093782 0.053233 0.994563 9472 9833
-0.119249 0.075518 -0.022866 0.888025 9479 9537
-0.045727 -0.233311 -0.017124 0.934541 9481 9482
-0.255384 0.015071 0.099771 0.996646 9482 10012
0.108828 0.005770 0.110268 0.856585 9496 10031
-0.031508 0.266210 -0.094857 0.795556 9498 10178
0.053042 -0.182755 0.074159 0.984576 9521 9885
0.111414 -0.372085 0.062036 0.871004 9537 10172
-0.125555 0.248336 0.138524 0.909699 9537 10223
-0.055888 -0.253266 0.221194 0.900283 9542 9630
0.007807 0.119873 0.120061 0.887543 9542 9903
-0.075618 -0.137598 0.175060 0.936801 9551 10126
0.012343 -0.100953 0.329752 0.999917 9552 10197
0.058954 -0.186790 0.015564 0.960406 9556 9716
-0.274562 -0.056728 0.082752 0.638473 9559 9719
0.000862 0.238154 0.120952 0.974679 9562 10051
-0.162844 -0.014260 0.125978 0.978965 9586 10011
-0.001896 0.079489 0.005925 0.872859 9587 9841
0.039703 -0.092177 -0.038303 0.804088 9587 10070
-0.214478 -0.201324 -0.034064 0.877963 9602 9875
-0.252093 -0.004873 0.013244 0.959816 9604 10255
0.079073 0.135010 0.154408 0.803787 9605 9723
0.199169 -0.031143 0.036688 0.997195 9605 9724
-0.206770 0.048726 0.070327 0.980678 9626 10010
0.343225 -0.028492 0.183763 0.992336 9635 9969
-0.110684 -0.289375 -0.064650 0.940892 9656 9723
0.081659 -0.233763 0.159148 0.977731 9659 9817
-0.104935 -0.573935 0.061559 0.981837 9661 9726
0.092397 -0.257012 0.173146 0.987764 9684 9959
-0.053157 -0.142650 0.104373 0.587574 9692 9841
-0.054328 0.078780 0.014501 0.948971 9706 9859
0.199917 0.048672 0.003318 0.963646 9714 9813
0.253212 0.065143 0.048373 0.983540 9716 9748
-0.058510 0.104004 0.015798 0.998929 9742 9789
-0.216638 0.065720 -0.038518 0.975998 9743 9847
0.063787 -0.139781 0.069350 0.980256 9753 10050
0.161010 0.290720 0.011209 0.921944 9787 10111
0.114319 0.119728 -0.019103 0.631587 9789 9790
-0.170266 -0.094313 0.217001 0.956271 9834 10302
0.033177 -0.107230 0.016900 0.948302 9841 10111
0.057865 -0.023367 0.001366 0.486096 9841 10153
-0.115270 0.015257 -0.046748 0.566436 9845 10111
-0.076238 -0.049211 0.276544 0.960129 9845 10265
-0.172987 0.453845 0.062046 0.941341 9851 10157
0.113939 -0.109458 0.138757 0.987707 9855 10211
-0.169830 -0.192097 0.116159 0.883157 9863 10125
-0.467740 -0.190240 0.044459 0.887416 9868 9979
0.118223 -0.104211 0.026869 0.985463 9870 10131
0.043470 -0.134643 0.015516 0.969451 9885 10167
-0.056363 0.168851 0.128051 0.993531 9897 10262
-0.034904 0.149064 0.200720 0.995206 9941 10301
0.083941 -0.131241 0.002337 0.980237 9966 10019
0.051919 -0.151099 0.041329 0.708976 10007 10170
0.125204 0.004200 0.026577 0.981556 10008 10244
-0.203710 0.096128 0.053566 0.996029 10024 10176
0.203613 0.327369 0.101493 0.992027 10056 10094
-0.294147 0.115387 0.027303 0.935573 10080 10197
-0.216936 0.007001 -0.022485 0.912077 10094 10166
0.111146 -0.065581 0.105817 0.767680 10111 10265
0.011290 0.281766 -0.082783 0.923561 10116 10269
0.320817 -0.148578 0.187589 0.935481 10186 10255
-0.471734 0.048866 -0.090371 0.958411 10237 10254
0.232443 -0.323580 0.105997 0.809305 10260 10261
-0.400932 0.115310 -0.362952 0.795554 10260 10278
-0.642987 0.127807 0.093562 0.949326 10313 10314
