-0.437779 -0.042229 0.898091 24.160630 6 159
-0.047079 0.026546 0.998538 10.074567 15 545
-0.963601 0.158572 0.215239 10.362047 17 225
-0.965028 -0.254988 0.060852 7.773679 18 30
-0.746886 0.663310 0.046703 8.744653 18 31
0.965135 -0.260746 0.022914 6.698584 19 20
-0.044683 -0.066195 0.996806 16.938616 29 1219
0.866016 -0.460346 0.195186 13.417447 32 81
-0.143677 -0.981074 0.129809 10.443539 33 187
-0.937528 0.053920 0.343707 11.437310 50 178
-0.662069 0.742304 0.103195 11.027826 51 82
0.691993 -0.201534 0.693203 8.748498 53 493
0.871627 -0.472579 0.130137 30.581626 59 817
-0.478347 -0.501202 0.721097 13.164298 59 1062
-0.852140 0.286810 0.437719 26.408081 66 760
-0.249149 0.283671 0.925989 30.759793 75 1860
0.385106 0.922030 0.039418 10.400573 77 132
0.482899 -0.495927 0.721709 17.550919 81 836
-0.722089 0.687502 0.077000 7.653865 82 180
0.848540 0.522207 0.085319 5.858709 84 85
-0.790929 0.006546 0.611873 33.816576 106 1702
0.443723 0.835564 0.323948 15.588187 113 544
-0.477144 0.877804 -0.042359 13.655921 114 157
0.112646 -0.713694 0.691340 30.228787 115 159
-0.109639 0.216665 0.970070 22.500202 116 626
0.299049 0.536283 0.789285 7.739700 123 554
0.643558 -0.612466 0.459042 24.921684 123 904
0.506084 -0.622436 0.597036 24.324747 129 1017
0.459897 -0.337797 0.821211 12.850141 135 716
0.912532 -0.307759 0.269389 10.860475 137 322
0.394958 0.698158 0.597146 22.521755 150 1106
-0.476260 -0.263945 0.838755 15.368905 156 1064
0.820112 -0.467191 0.330376 28.457315 158 760
0.776814 -0.128393 -0.616502 29.079544 159 208
-0.154180 0.868151 -0.471744 26.579191 159 625
-0.982127 -0.046334 0.182428 24.237109 159 816
0.972748 -0.231606 0.010998 28.568372 159 1399
-0.012827 -0.175016 0.984482 25.479141 159 2542
-0.648086 0.675857 0.351002 31.584913 162 461
0.616254 -0.720126 0.318824 40.990800 162 896
0.418479 -0.710265 0.566038 26.638029 164 1114
0.657036 0.381038 -0.650472 25.487253 167 552
-0.825564 0.259734 -0.500981 26.622241 167 764
0.901321 -0.359788 -0.241191 26.185984 167 899
0.103386 0.933098 -0.344441 27.695908 167 1075
0.037594 -0.867329 0.496313 40.796518 167 2550
-0.000655 -0.045761 0.998952 26.927160 167 2804
-0.463271 0.365900 0.807154 10.998160 178 1123
0.258976 -0.965392 -0.030821 6.352032 188 255
0.205713 0.935593 -0.286962 7.404938 190 257
-0.870484 -0.153865 -0.467529 7.863692 190 334
0.112535 0.804000 0.583883 25.704368 199 1148
-0.033890 0.961769 0.271757 7.987096 201 448
-0.221331 -0.124619 0.967203 14.858533 205 885
-0.635001 -0.767802 0.085167 12.602781 209 628
-0.661282 0.749961 0.016277 40.344379 210 1315
0.413596 -0.825247 0.384584 40.913036 210 1953
-0.149440 -0.159124 0.975883 31.216620 210 2751
0.047509 -0.433600 0.899852 21.823231 217 1215
0.458880 -0.774069 0.436172 13.217546 221 478
-0.747925 0.442914 0.494405 18.110242 238 912
-0.241968 0.479637 0.843445 14.180132 243 1373
-0.085163 0.996234 -0.016294 6.832781 244 245
-0.773076 0.555786 0.305704 2.421454 244 321
-0.227294 -0.962199 0.150038 5.675789 245 321
0.409840 -0.693513 0.592513 15.934359 262 1037
0.262563 0.923419 0.279923 15.371319 271 603
0.969117 0.070403 -0.236337 6.965860 273 680
0.141906 -0.103083 0.984498 23.982118 277 1646
0.305337 -0.852321 0.424639 5.806984 278 684
0.606930 -0.234526 0.759364 41.835893 281 1003
0.981045 -0.191046 0.032430 24.418327 285 370
0.847323 -0.481413 0.224244 13.470380 291 544
-0.911692 0.409577 -0.032634 22.028146 302 463
0.298711 0.229179 0.926417 16.897221 305 1216
0.824984 -0.165483 0.540385 6.619179 311 559
0.070975 -0.990214 0.120165 19.077298 321 568
0.999749 0.022237 0.002555 6.590915 331 332
-0.783423 0.604086 -0.146046 28.455246 339 660
0.191591 -0.925331 0.327195 17.020298 340 663
-0.413781 -0.909406 0.042026 14.632400 345 518
0.216364 -0.448478 0.867210 26.931873 353 1694
0.268256 0.047961 0.962153 30.853099 368 1003
-0.459751 -0.620953 0.634860 18.715780 372 885
-0.137502 0.756263 0.639655 21.504524 385 1218
-0.188076 0.608390 0.771031 21.678322 388 1177
0.359972 -0.930427 0.068739 18.728599 401 495
0.386378 -0.379573 0.840617 32.295399 403 1913
0.049832 -0.861851 0.504707 8.927890 404 782
0.595377 0.233420 0.768792 37.853991 407 1777
-0.288044 0.941974 0.172381 25.934241 411 784
-0.462461 0.177660 0.868658 21.278763 412 1335
0.032728 -0.251718 0.967247 15.784083 424 1343
-0.331637 0.522812 0.785293 10.190351 436 990
0.739801 -0.144252 0.657180 24.738524 438 1201
-0.026277 0.763546 0.645219 23.771227 447 1394
-0.924702 -0.244599 0.291714 31.055028 454 1208
-0.231719 -0.511336 0.827552 37.421260 454 2329
-0.852564 0.522510 -0.010866 31.863422 458 693
-0.701909 0.551560 0.450672 19.821786 470 1072
0.130127 0.667820 0.732860 34.734040 472 1531
0.414948 -0.495516 0.763074 22.706652 477 1899
-0.303329 -0.608811 0.733035 16.654401 478 1322
0.517802 -0.369300 0.771685 21.174759 479 908
0.593683 -0.797992 0.103680 22.295197 483 711
-0.796346 0.603706 0.037026 12.148723 494 778
-0.195336 0.665780 0.720126 24.690393 496 1634
0.351301 -0.577031 0.737307 27.247793 496 1771
-0.228457 0.440798 0.868046 29.733763 508 1872
0.151190 -0.794337 0.588362 12.604335 513 1036
-0.416098 -0.554246 0.720884 8.983861 520 862
-0.347511 -0.607171 0.714548 17.385589 524 938
0.828551 -0.555225 -0.072310 25.105581 528 532
0.215290 -0.656022 0.723384 16.784003 532 536
0.036891 0.977209 0.209051 9.529458 534 535
-0.537516 -0.040591 0.842276 29.467260 544 1847
0.232226 -0.433747 0.870594 29.681605 547 1893
-0.816289 -0.532823 0.223096 20.013955 551 1113
0.819041 0.096046 0.565639 22.318311 551 1487
-0.538080 0.321655 0.779107 31.059589 551 2003
0.563250 -0.796790 0.218802 24.365696 554 904
-0.719027 0.674732 0.166544 22.615133 555 961
0.731135 -0.680439 0.049454 28.179950 570 1332
0.018209 0.336973 0.941338 39.447394 570 3004
0.573586 -0.489585 0.656739 26.762562 574 1130
0.663796 -0.641683 0.384211 27.179247 576 1289
-0.273385 -0.414169 0.868173 16.700028 577 844
0.074839 0.497091 0.864465 30.286909 578 1914
-0.270940 0.867790 0.416571 12.782695 580 845
0.690436 -0.521236 0.501609 21.205956 592 1193
0.072314 -0.361704 0.929484 14.234978 600 1388
-0.306317 0.320931 0.896199 24.259020 607 1694
-0.992329 -0.121235 0.024198 12.236617 610 865
-0.495462 0.149772 0.855620 18.223946 623 1484
-0.736764 0.675684 -0.025117 41.759570 626 1068
-0.037682 0.102589 0.994010 18.485427 628 1527
-0.047521 -0.707645 0.704969 15.835015 629 1356
-0.931638 0.214772 0.293127 24.178869 632 958
0.771558 -0.230928 0.592765 27.846929 632 1357
0.358657 -0.529921 0.768472 17.797440 641 1625
0.404283 -0.842762 0.355397 22.223733 642 1223
-0.308687 0.946719 -0.091848 12.467218 647 713
0.485013 -0.561859 0.670132 39.208180 656 1777
-0.291330 0.608478 0.738161 35.483580 657 1777
-0.816324 0.446794 0.366048 24.157606 665 1030
0.230132 -0.225182 0.946748 22.917115 667 1502
0.061620 -0.066581 0.995876 10.846955 672 1299
-0.294744 -0.721327 0.626748 21.233056 691 1354
-0.212333 0.146863 0.966098 26.803258 698 1946
-0.699213 0.434187 0.567964 23.832664 706 1114
-0.001213 -0.897228 0.441566 33.933808 708 1364
0.276554 -0.867539 0.413392 7.736802 729 980
0.042042 -0.902143 -0.429384 34.393636 730 981
0.047698 0.122196 0.991359 33.978358 730 3501
-0.229266 -0.654802 0.720189 24.798001 733 1551
-0.171277 0.400286 0.900242 28.357018 744 2030
0.230375 -0.704072 0.671722 29.040927 759 1847
-0.053799 0.994313 0.091907 17.130898 760 887
-0.473311 0.729217 0.494185 48.545899 760 1849
0.341542 0.093191 0.935235 20.760436 766 1717
-0.460856 -0.864184 0.201987 19.498311 769 906
-0.741424 0.298147 0.601165 14.730733 791 1244
-0.215423 -0.925951 0.310174 7.273514 793 984
-0.090260 -0.342900 0.935025 33.660761 794 1379
0.884268 -0.310459 0.348835 15.765092 795 1250
-0.509744 0.472853 0.718729 25.025118 795 1502
0.519510 -0.390618 0.759952 18.402871 809 1567
-0.294774 0.186308 0.937229 24.672266 811 1349
-0.719092 0.643514 -0.262290 33.849211 816 882
-0.876658 -0.480787 0.017721 17.547490 816 1267
0.746441 -0.106074 0.656943 31.452063 816 2542
-0.107313 -0.133473 0.985225 34.011718 816 3139
0.741695 -0.555897 0.375322 30.141618 823 1215
-0.150255 0.676708 0.720756 35.690636 824 1953
0.585639 -0.636057 0.502451 46.986686 826 1715
0.143476 -0.174411 0.974164 14.398238 829 1713
-0.174708 0.177333 0.968520 38.751571 838 2622
-0.199485 0.617472 0.760877 20.767741 841 1412
0.251460 -0.965606 -0.066122 24.728210 844 1235
-0.350125 0.851878 0.389508 39.377703 846 1130
0.270241 -0.159109 0.949555 24.644005 847 1966
-0.122125 -0.411058 0.903392 22.735020 850 1724
-0.141979 -0.785220 0.602720 27.151812 855 1550
-0.388679 -0.468601 0.793310 9.987221 857 1245
0.363064 -0.851980 0.377246 21.160050 872 1307
-0.769257 0.636809 0.052143 21.611014 882 1209
0.758062 0.340186 0.556431 21.172025 882 1704
-0.630109 0.235864 0.739818 24.888521 882 1941
0.369637 -0.346929 0.861979 25.423786 886 2142
-0.605622 0.504336 0.615522 36.418232 887 1849
0.289156 -0.666528 0.687117 9.207715 893 1166
0.807185 -0.589218 0.035691 35.445765 894 897
-0.112571 -0.882612 0.456425 16.738131 894 1620
-0.152598 0.371973 0.915614 12.925746 903 1364
-0.928450 0.364872 0.069630 27.794223 912 1016
-0.400755 -0.023925 0.915873 40.434733 915 2622
0.181207 -0.756058 0.628920 30.110311 929 1472
-0.019271 0.395566 0.918235 18.047160 930 1732
0.870840 -0.332673 0.361892 35.920929 938 1983
0.243022 0.618268 0.747452 31.576959 938 2427
-0.121011 0.782621 0.610623 19.420072 942 1478
0.787334 -0.522411 0.327401 22.256603 943 1205
-0.187607 -0.772030 0.607266 25.468737 946 1646
0.128621 0.510027 0.850488 25.822694 946 1985
-0.125680 -0.026956 0.991705 13.419485 948 1516
0.230429 -0.596678 0.768686 29.129731 955 2045
-0.820822 0.452585 0.348450 26.959276 956 1354
-0.619244 -0.737922 0.268344 21.112275 957 1005
-0.681041 0.122400 0.721943 24.113405 961 1856
0.422849 -0.122794 0.897842 29.085906 963 2293
0.091057 -0.875686 0.474218 24.971830 974 1411
0.749671 -0.610681 0.255071 18.745401 980 981
0.117616 -0.951194 0.285302 18.217583 981 1468
-0.650850 0.275269 0.707546 21.501658 984 1191
0.365535 -0.477047 0.799256 16.875471 985 1503
0.080771 -0.269455 0.959620 37.241718 988 2643
-0.880227 -0.316126 -0.353927 30.059044 1003 1480
0.366458 -0.629957 0.684735 40.648009 1003 3272
-0.179332 0.301968 0.936299 21.219440 1011 1950
0.463905 -0.501617 0.730186 36.017479 1016 2397
0.127428 -0.824279 0.551657 31.803872 1018 1813
0.141461 -0.740072 0.657482 21.788644 1025 1132
0.206282 -0.850249 0.484277 25.538100 1034 1191
-0.330321 -0.544398 0.771051 20.350029 1037 1641
-0.089571 0.690288 0.717969 13.547962 1040 1559
-0.778260 0.406773 0.478380 9.546509 1069 1270
0.774938 -0.439050 0.454650 19.635059 1069 1444
-0.118745 -0.190348 0.974509 26.545437 1072 2193
0.959149 -0.114014 0.258908 27.303139 1076 1171
-0.175090 -0.291646 0.940365 23.490259 1080 2200
-0.716442 -0.104949 0.689708 21.960901 1083 1962
0.571783 0.195177 0.796850 24.957667 1083 2119
0.451448 -0.569382 0.687022 29.171918 1083 2166
0.048323 0.527328 0.848287 21.275480 1083 2208
0.363676 0.508076 0.780768 24.792137 1083 2210
-0.161334 -0.921656 0.352875 16.502772 1084 1415
-0.712194 0.570549 0.408966 18.010616 1090 1469
0.395461 0.316671 0.862166 30.546821 1092 1379
-0.098266 -0.305030 0.947259 24.396990 1101 2271
-0.350718 0.298926 0.887491 18.285570 1104 1701
0.210067 -0.125411 0.969610 24.421601 1109 2236
0.010046 -0.381322 0.924388 35.753126 1114 1954
-0.319604 0.712378 0.624797 36.724653 1114 2100
0.082583 -0.759728 0.644975 30.900765 1115 2146
-0.805356 0.584138 0.100922 30.549318 1117 1321
-0.291287 0.952261 0.091382 23.593227 1118 1323
-0.743786 -0.006946 0.668381 37.810984 1118 1758
-0.331608 -0.797312 0.504311 7.563007 1123 1279
-0.546765 0.835087 0.060644 39.180216 1130 1587
-0.751186 0.442700 0.489629 41.080972 1130 2510
-0.150442 0.265504 0.952300 36.221876 1130 3199
-0.546121 0.206295 0.811908 46.140322 1130 3399
-0.194593 -0.357651 0.913356 16.323465 1133 2120
-0.547087 0.689175 0.475114 14.408409 1143 1555
-0.234136 0.813564 0.532254 36.337281 1146 2032
0.591741 -0.720000 0.362550 26.277179 1153 1608
-0.799010 0.038848 0.600062 29.307481 1162 1849
0.682926 -0.528496 0.504286 38.090369 1175 1905
0.017537 0.996739 0.078768 16.968953 1177 1403
-0.027101 0.557131 0.829983 20.571168 1177 1862
-0.006074 0.982689 0.185164 9.912826 1181 1230
-0.004628 -0.978980 0.203906 29.248056 1190 1191
0.718686 -0.616476 0.321634 23.669571 1191 1923
-0.555334 0.592269 0.583800 25.441825 1191 2518
-0.553169 -0.632982 0.541607 7.034889 1197 1428
0.459154 -0.846999 0.267898 22.310479 1200 1201
0.874012 0.015248 -0.485665 18.141895 1201 1257
-0.535706 0.340195 0.772843 17.645537 1201 2083
-0.054424 -0.688829 0.722878 25.530532 1201 2368
0.401141 -0.689152 0.603453 32.382015 1210 1576
0.249212 -0.066672 0.966151 15.778656 1214 1856
0.525051 -0.444525 0.725754 39.081334 1215 2756
0.163441 -0.975580 0.146736 32.940873 1216 1360
0.058263 0.997331 0.044002 30.051240 1216 1361
-0.206274 0.867348 0.452944 26.955040 1216 1804
-0.669720 -0.289733 0.683761 19.666435 1216 1898
0.191999 0.154395 0.969174 53.244427 1228 2563
0.065063 -0.925016 0.374315 37.023041 1235 1913
-0.391098 0.155892 0.907050 30.585307 1238 2575
-0.299613 0.949564 0.092523 28.755342 1243 1292
0.201210 -0.610757 0.765826 27.409047 1243 2219
0.805395 -0.464603 0.368079 22.845798 1246 1731
-0.622772 0.275026 0.732472 16.249149 1246 1826
0.144097 -0.537165 0.831078 35.332588 1247 2586
-0.764300 0.553136 0.331490 11.767716 1251 1384
-0.161688 -0.357075 0.919975 11.309450 1267 1892
-0.024923 -0.748112 0.663104 46.794989 1269 2658
-0.963177 -0.165394 0.211979 18.759950 1270 1441
0.356591 -0.664647 0.656572 29.221404 1287 2347
-0.243880 0.658964 0.711540 28.278412 1304 2033
0.210061 0.026770 0.977322 23.415629 1304 2527
-0.405640 -0.900363 0.157491 36.094005 1305 1566
-0.439363 0.867698 0.232508 36.890571 1305 1646
0.246541 -0.335851 0.909078 26.031145 1316 2382
-0.059950 -0.485235 0.872326 20.603605 1319 2101
0.304897 -0.125591 0.944068 22.955655 1320 1808
0.402567 -0.556257 0.726992 16.705281 1325 1901
0.096411 -0.939031 0.330039 38.691407 1342 2079
-0.214625 0.488386 0.845822 20.627224 1349 2786
0.871484 -0.068330 0.485640 34.296629 1355 1999
0.525623 -0.633388 0.567925 46.428485 1355 2328
-0.404421 -0.463440 0.788458 36.300688 1355 2537
-0.254932 0.026055 0.966608 49.070335 1355 3082
-0.666852 0.094794 0.739136 17.230364 1356 1802
0.672958 -0.630648 0.386537 26.865479 1358 1857
-0.579505 -0.224749 0.783365 13.860410 1358 1952
0.699823 -0.444751 0.558967 35.305892 1359 2388
-0.498116 -0.449104 0.741746 14.677296 1361 1804
0.706390 -0.662824 0.248348 24.599989 1365 1583
0.651293 -0.716929 0.248657 37.909629 1370 1866
-0.125576 -0.863053 0.489255 16.509836 1372 1766
0.449393 -0.851486 0.270219 21.049306 1374 1585
0.096679 0.979043 -0.179240 29.844015 1379 1923
-0.319223 0.017119 0.947525 12.932721 1391 1981
-0.974211 -0.046795 0.220734 5.898483 1397 1522
-0.534491 -0.694027 0.482334 6.977895 1397 1578
0.617826 -0.724545 0.305491 27.279132 1398 1947
-0.855810 0.167030 0.489583 24.219783 1398 2235
0.709433 -0.079347 0.700292 28.841759 1398 2612
-0.204605 -0.506800 0.837431 26.019059 1402 2294
0.413090 -0.045602 0.909548 47.166519 1402 2810
-0.051274 -0.326966 0.943644 16.676936 1403 1862
-0.279348 0.917404 0.283432 23.693408 1411 1677
0.332152 -0.201720 0.921403 13.537042 1413 1911
0.079277 -0.974865 0.208215 9.267115 1415 1542
0.359292 -0.928293 -0.095820 21.437754 1416 1464
-0.325141 0.930333 0.169600 23.307287 1424 1551
-0.377731 -0.340316 0.861106 18.976804 1427 2315
0.005425 -0.894807 0.446421 23.084415 1430 2026
0.633894 -0.553891 0.539799 29.109767 1432 2133
-0.033738 -0.185860 0.981997 21.477327 1444 2487
0.429500 -0.473896 0.768734 28.539380 1449 2501
-0.950834 0.250819 0.181673 63.584561 1450 1715
0.559288 -0.814076 0.156451 42.431489 1450 1761
-0.174687 0.869862 0.461329 32.131797 1458 2157
0.111535 0.993642 -0.015359 27.673754 1461 1465
-0.105226 -0.353786 0.929388 26.969478 1469 2633
-0.397578 0.905085 0.150842 11.389283 1471 1594
-0.643460 -0.723502 -0.250006 15.826261 1472 1828
-0.479148 0.545901 0.687320 22.249025 1472 2465
0.198501 -0.848125 0.491204 28.751579 1472 2588
-0.416782 -0.806907 0.418561 35.050882 1472 2640
-0.673538 -0.354076 0.648827 27.328446 1472 2776
-0.370217 -0.646390 0.667172 24.855917 1491 1808
-0.657133 0.430719 0.618593 21.003867 1493 1907
-0.405506 0.242273 0.881401 11.634860 1494 1958
0.786445 -0.525608 0.324407 16.987511 1497 1770
0.793943 -0.563995 -0.227076 15.939581 1502 1554
0.362880 0.511478 0.778915 21.575735 1502 2639
-0.350803 0.606962 0.713116 33.840056 1502 2922
0.135286 -0.207416 0.968853 25.383149 1502 2923
0.283910 -0.958375 0.030222 9.040805 1506 1507
-0.209705 -0.579415 0.787593 22.908446 1511 2323
-0.616842 0.582446 0.529399 40.379787 1511 2425
0.579278 0.310578 0.753644 25.485854 1525 1661
-0.000684 -0.143487 0.989652 30.167346 1531 2754
-0.516113 0.559259 0.648734 31.584819 1531 2803
-0.546762 0.388094 0.741913 23.889535 1533 1858
0.066303 0.304394 0.950236 16.712341 1544 2209
0.438313 -0.567763 0.696797 20.133959 1545 2067
0.272976 -0.662198 0.697838 12.193570 1546 2015
-0.642225 0.205218 0.738534 25.885105 1547 2256
-0.358719 0.905359 0.227257 35.800162 1550 2019
-0.700252 0.525172 0.483571 27.160499 1550 2170
0.958113 -0.165354 0.233832 33.171941 1551 2129
-0.136017 0.988283 -0.069258 20.450139 1557 1688
-0.473874 -0.011751 0.880514 31.299650 1560 1974
0.284737 0.045603 0.957520 20.567816 1568 2431
-0.164544 -0.574368 0.801890 12.381630 1571 1993
0.890132 -0.379459 0.252340 24.235937 1572 2653
0.816131 -0.036342 0.576723 38.945443 1572 3134
0.128430 -0.118166 0.984653 34.639494 1572 3909
0.710866 0.213871 0.670021 13.434999 1577 2052
-0.791228 0.294618 0.535871 17.533241 1587 2115
0.407952 -0.081910 0.909322 27.655195 1593 2918
0.782909 0.378893 0.493451 8.967351 1594 1782
0.332162 -0.314573 0.889220 12.263566 1603 1975
-0.644974 0.225955 0.730036 36.645656 1614 3181
0.549552 -0.489870 0.676772 24.779020 1616 2743
0.138333 -0.780597 0.609535 28.472329 1620 2193
-0.744406 0.210570 0.633656 15.767041 1638 2126
-0.569662 0.102870 0.815416 14.325460 1641 2266
-0.519577 0.087198 0.849962 13.624713 1644 2368
0.005524 -0.597916 0.801539 29.573429 1646 2840
0.085763 0.090727 0.992176 15.015197 1651 2326
-0.671712 -0.690935 0.267231 22.670105 1657 1944
-0.280744 -0.794136 0.539010 20.800361 1657 2096
-0.726323 0.490782 0.481237 23.595763 1661 2485
-0.340485 0.348182 0.873407 26.192907 1668 2548
-0.900786 0.106501 0.421002 19.469124 1678 1961
-0.445664 0.297660 0.844264 21.582759 1689 2642
0.435986 -0.867373 0.239960 29.999345 1692 2133
-0.853537 0.318738 0.412165 33.389257 1694 2321
-0.132339 -0.117473 0.984219 28.606578 1697 2974
-0.292028 -0.882244 0.369277 22.395553 1701 2139
0.450913 -0.029465 0.892081 15.723089 1703 2435
0.032179 0.009838 0.999434 9.238310 1706 2099
-0.278815 0.216370 0.935653 11.707581 1711 2385
0.153228 -0.976962 0.148549 50.678558 1715 1758
0.813531 -0.573004 -0.099163 35.813509 1715 1811
-0.491678 0.633196 0.597759 24.603341 1715 2806
0.819770 -0.420917 0.388338 47.944784 1715 2950
-0.313993 0.010520 0.949367 22.534196 1715 3101
0.111275 -0.149523 0.982477 24.439165 1715 3102
-0.660838 -0.096049 0.744358 43.067823 1715 3652
-0.021162 0.250559 0.967870 17.064491 1719 2561
0.333493 -0.794066 0.508174 30.700929 1724 2576
0.157940 -0.815326 0.557045 30.197654 1726 2577
-0.878849 0.464800 0.107639 32.450891 1731 1826
0.093042 -0.972509 0.213468 22.908367 1732 1971
-0.256331 -0.065672 0.964355 23.133630 1732 2925
0.291826 -0.954597 0.059855 25.984380 1740 1985
-0.304339 -0.614936 0.727484 19.073190 1743 2476
0.291445 -0.918347 0.267764 21.035378 1751 1849
-0.839463 0.378730 0.389699 36.965598 1752 2436
-0.055432 -0.649559 0.758288 33.198281 1758 3657
0.017797 -0.971199 0.237603 42.770869 1764 2157
0.477674 -0.861736 0.170993 28.217488 1766 1959
-0.592846 0.777363 0.210332 15.797629 1772 1963
0.442089 -0.603464 0.663617 23.376228 1773 2573
-0.156631 -0.527744 0.834837 26.690979 1774 2917
-0.611763 0.775553 0.155769 34.984583 1777 2255
0.725014 -0.139923 0.674371 39.231353 1777 3256
-0.244479 -0.041388 0.968771 25.609884 1777 3298
-0.054630 -0.519863 0.852501 41.052698 1777 3736
-0.050637 -0.974825 0.217143 22.837361 1781 2127
0.732135 -0.679933 -0.040861 7.571690 1784 1786
-0.145875 -0.588634 0.795129 15.235337 1801 2484
-0.773560 0.121950 0.621879 36.012052 1802 2796
0.313126 -0.181072 0.932290 31.787011 1802 3277
0.970133 0.066939 0.233157 16.922276 1804 2056
-0.151558 0.453754 0.878144 26.926890 1805 2989
-0.208481 -0.813882 0.542339 17.168861 1807 2245
-0.724839 0.533226 -0.436210 20.292057 1808 1955
0.749615 -0.412306 0.517765 21.742649 1808 2866
-0.382075 -0.478678 0.790497 23.656547 1808 3285
-0.127445 0.521410 0.843736 19.201670 1810 2390
-0.401912 0.231228 0.886002 30.967611 1813 3157
-0.802566 -0.064995 0.593012 9.684533 1819 1957
-0.279985 0.945254 0.167641 13.586097 1821 1868
-0.095343 -0.770333 0.630473 26.077561 1826 2462
0.646060 -0.443570 0.621170 17.205232 1827 2360
-0.512684 -0.201015 0.834714 21.156773 1827 2586
-0.160312 -0.882441 0.442264 23.469011 1837 2596
0.963206 0.268763 0.000454 29.534245 1847 1851
0.227359 -0.166179 0.959527 45.250532 1847 3868
0.236793 0.487304 0.840514 26.889397 1849 3140
-0.566796 0.014703 0.823727 21.612511 1854 2800
-0.716041 0.694078 0.074441 20.014596 1858 2443
-0.134955 -0.316201 0.939044 16.837955 1859 2390
-0.445302 0.866881 0.224106 31.415232 1864 2397
-0.604517 0.255609 0.754469 21.036177 1870 2679
-0.582491 0.001250 0.812836 34.661617 1883 3266
-0.098904 -0.411911 0.905841 35.100734 1895 3431
-0.081086 -0.730557 0.678020 39.395781 1896 3236
0.116779 0.853930 0.507116 22.427715 1905 2617
-0.664829 0.667354 0.335619 38.049114 1905 2713
-0.319591 -0.173176 0.931596 15.662499 1917 2581
0.793115 -0.585856 -0.166559 10.444238 1918 1919
-0.125766 -0.476316 0.870233 10.089783 1921 2309
-0.326778 0.586280 0.741277 14.016589 1922 2419
0.176058 -0.809702 -0.559810 25.259439 1936 2228
-0.131937 0.595916 0.792134 34.339643 1955 2754
0.821979 -0.552155 0.139551 20.902172 1956 2146
-0.154888 0.180887 0.971231 14.413766 1957 2954
0.136772 -0.547416 0.825608 26.881193 1958 3051
0.944808 -0.168132 0.281193 3.799429 1965 2069
-0.853142 0.396356 0.339192 16.877764 1973 2315
-0.739138 0.551130 -0.387208 25.398780 1974 2364
0.458607 -0.438807 0.772740 25.451618 1974 3848
-0.224368 -0.130123 0.965778 25.529808 1974 4203
-0.278222 -0.290769 0.915448 18.333880 1979 2693
-0.076266 -0.225006 0.971368 12.404288 1997 2375
-0.404109 -0.134060 0.904834 22.353552 2001 2485
-0.640226 0.141740 0.754997 13.313238 2008 2671
-0.390071 0.078124 0.917465 25.094473 2010 3291
-0.481985 0.414161 0.772115 20.895420 2011 2872
-0.348724 0.435655 0.829817 29.378146 2013 3052
-0.055537 0.844182 0.533172 15.169021 2015 2348
-0.459895 -0.873680 0.158682 11.695720 2017 2169
0.626334 -0.477985 0.615822 11.941416 2017 2308
-0.256479 -0.611371 0.748628 15.753646 2019 2580
0.709235 -0.572495 0.411382 30.496637 2027 2425
0.408768 -0.912433 0.019365 33.856264 2030 2032
-0.396684 -0.321356 0.859867 37.887485 2032 2835
-0.620063 0.012029 0.784460 18.362851 2043 2743
-0.289354 -0.329468 0.898735 31.844036 2045 3420
-0.794339 -0.117849 0.595933 24.045419 2046 2744
-0.940839 -0.313657 -0.128220 30.998227 2048 2183
-0.579257 -0.760472 0.293502 38.656188 2048 2850
0.875613 0.046988 0.480722 22.114600 2062 2560
0.378272 -0.861863 0.337791 11.004689 2063 2252
-0.633007 0.348104 0.691467 27.725807 2072 2961
0.703133 -0.180395 0.687794 16.227930 2073 2685
0.998991 -0.008602 0.044071 14.367654 2086 2088
-0.474936 0.614162 0.630270 18.247970 2090 2602
0.230839 -0.419848 0.877748 16.863768 2092 2480
0.544574 0.453868 0.705297 11.874643 2092 2482
-0.211894 -0.816158 0.537575 21.515420 2095 2702
-0.028412 -0.476786 0.878560 24.656176 2100 3280
0.043951 0.499660 0.865106 29.896707 2100 3543
0.007687 -0.397284 0.917663 24.818930 2101 3340
0.323284 -0.685557 0.652303 17.752122 2111 2914
0.354633 -0.109613 0.928558 36.305714 2114 4080
-0.903864 -0.169588 0.392771 9.166912 2117 2345
-0.505955 0.819662 0.268634 26.663370 2118 2571
0.533580 -0.146923 0.832890 26.637067 2120 2823
0.791183 -0.544572 0.278337 18.005957 2122 2417
0.520493 0.010570 0.853800 12.296431 2125 2686
0.858660 -0.393393 0.328550 18.448180 2128 2520
-0.634816 -0.079804 0.768531 23.893551 2128 3119
0.073828 -0.194353 0.978149 29.039428 2129 3620
-0.172256 0.131521 0.976233 34.301289 2134 3799
-0.614810 -0.033693 0.787955 32.723622 2135 3176
-0.483843 -0.595732 0.641092 20.397458 2142 2543
-0.234360 0.886056 0.399975 14.739798 2147 2496
0.490310 0.340464 0.802297 8.483415 2152 2504
-0.235548 0.293660 0.926435 10.726561 2155 2675
0.052039 0.637326 0.768835 10.143440 2156 2676
-0.476395 0.719765 0.504962 23.994385 2157 2871
-0.335732 -0.089913 0.937656 11.902910 2159 2814
-0.537997 0.704301 0.463162 17.499506 2162 2568
-0.513577 0.565851 0.645021 30.362833 2166 2346
0.807880 -0.209800 0.550740 15.087666 2167 2575
0.395281 -0.864420 0.310696 15.923990 2169 2352
-0.895058 0.395648 0.205750 26.777378 2171 2460
0.323431 0.384547 0.864590 11.661547 2173 2780
-0.538057 -0.445864 0.715332 17.078625 2174 2779
-0.566937 0.627014 0.534262 28.738929 2177 3021
-0.367569 -0.753428 0.545197 14.756049 2184 2653
0.637533 -0.756489 0.145860 29.540821 2193 2488
-0.256629 -0.654923 0.710787 29.305862 2193 3338
0.162531 -0.947050 0.276910 10.592491 2198 2504
-0.308531 -0.394837 0.865397 38.762168 2199 3156
-0.458039 -0.000316 0.888932 25.024456 2201 3106
-0.142009 -0.438032 0.887672 24.309322 2208 2346
-0.434676 -0.742821 0.509190 15.655704 2223 2646
-0.336847 0.287239 0.896676 14.128262 2225 2927
0.490683 -0.102275 0.865315 22.261441 2236 3086
0.465044 -0.850662 0.245167 7.201613 2248 2298
-0.195065 0.637548 0.745307 33.094302 2249 2810
0.009564 -0.113669 0.993473 28.418645 2252 2563
-0.350169 -0.047651 0.935474 22.943265 2256 3492
-0.125465 -0.761739 0.635620 15.784307 2259 2919
0.628388 -0.408699 0.661886 9.902974 2262 2728
0.414178 -0.910125 -0.011340 23.197065 2274 2276
-0.300297 -0.692263 0.656196 17.449819 2280 2705
-0.341305 -0.612423 0.713056 19.306185 2294 2391
0.398481 -0.520807 0.754966 26.254125 2302 2346
0.636731 -0.764832 0.098013 24.347027 2310 2420
-0.242622 -0.610317 0.754087 23.018434 2316 3170
0.057464 0.987834 0.144507 18.925018 2319 2525
-0.627621 0.726582 0.279588 14.261706 2319 2690
0.012156 0.827730 0.560996 32.019255 2321 3314
0.137570 -0.412778 0.900383 37.336303 2322 4042
0.649031 -0.035629 0.759927 29.028319 2328 3587
-0.583399 -0.798450 0.148739 20.864766 2329 2538
0.178213 -0.738198 0.650618 25.757538 2329 3135
0.153044 0.125404 0.980230 16.003619 2341 3002
-0.817476 0.561824 -0.126837 37.001909 2346 2764
-0.264026 0.048533 0.963294 28.997912 2347 3735
0.022829 0.271974 0.962034 15.950535 2358 2777
-0.131071 -0.452229 0.882219 18.327588 2360 3069
-0.342112 -0.075027 0.936659 15.954104 2361 2688
-0.273192 -0.478939 0.834256 27.276400 2365 2891
0.421400 0.523593 0.740454 17.575938 2365 2930
0.216793 0.431030 0.875907 17.880933 2369 3177
-0.440060 -0.026359 0.897581 17.688283 2372 3185
0.432646 -0.795876 0.423555 9.614859 2375 2656
-0.010265 0.357493 0.933859 23.513310 2375 3645
0.078727 0.216399 0.973126 33.980266 2378 3870
-0.158500 -0.839353 0.519966 20.883681 2382 2906
0.950760 -0.307246 0.040688 15.122673 2384 2385
-0.814539 0.188280 0.548705 29.355618 2389 2754
-0.874017 0.355210 0.331541 17.594790 2397 2450
0.020462 -0.192526 0.981079 21.091716 2397 3194
0.714939 -0.351654 0.604319 45.354831 2397 3666
-0.371575 0.844189 0.386363 16.574987 2409 2627
-0.793457 -0.086399 0.602463 19.702783 2417 3056
-0.183748 0.971816 0.147685 15.749386 2423 2526
0.828219 -0.140546 0.542494 46.597349 2425 3413
-0.629409 0.479856 0.611214 35.345416 2425 3691
-0.231482 0.322213 0.917930 36.710407 2425 4039
-0.199302 0.077155 0.976896 44.330155 2426 4315
0.701998 -0.092301 0.706173 27.601697 2429 3467
-0.026840 -0.557325 0.829860 25.453602 2432 3519
-0.185731 0.048879 0.981384 17.518018 2439 3333
-0.500318 -0.477107 0.722531 20.667515 2440 3231
-0.083624 0.291775 0.952824 12.714481 2444 2993
0.148876 -0.979053 0.138890 20.037452 2445 2553
0.627560 -0.086083 0.773795 12.476521 2450 2999
0.116606 -0.980405 0.158774 18.884954 2459 2769
0.004614 -0.318129 0.948036 29.442916 2460 3892
0.091772 0.970457 -0.223140 24.683602 2469 2647
0.180457 0.874289 -0.450615 14.262712 2480 2482
0.877175 0.341728 0.337321 31.835943 2480 3272
0.316441 0.511881 0.798650 22.276011 2480 3756
0.879873 -0.227619 0.417149 21.585867 2485 3430
-0.125239 0.519895 0.845000 7.483875 2491 2758
0.502179 -0.688302 0.523504 21.777877 2494 3103
-0.908754 -0.090429 0.407418 23.986044 2495 3342
-0.602843 -0.240699 0.760687 35.249281 2501 3768
0.538245 -0.775607 0.329736 28.282729 2507 2764
0.280235 -0.429073 0.858699 20.201792 2510 3399
-0.333281 0.584498 0.739788 10.959542 2512 2818
-0.010276 -0.949167 0.314605 15.002138 2519 2829
-0.287896 0.747493 0.598641 25.639715 2523 3310
-0.736954 0.608445 0.294437 24.899482 2531 2934
0.326663 -0.554975 0.765045 32.389371 2531 3750
0.001961 -0.992835 0.119481 7.196095 2532 2599
0.256972 -0.296372 0.919853 4.504292 2532 2791
-0.670648 -0.452264 0.587953 16.535747 2540 3188
0.535728 -0.104869 0.837853 17.515862 2540 3423
0.770247 -0.538072 0.342342 21.848698 2542 2942
0.969687 -0.241227 0.038941 14.548805 2543 2859
0.964168 -0.198113 0.176442 38.154703 2545 2989
-0.027965 0.070241 0.997138 18.739815 2552 3545
-0.838323 0.168716 0.518410 12.375432 2554 2670
-0.459379 -0.667019 0.586563 23.421031 2557 3347
-0.258027 -0.865827 0.428678 27.870341 2558 3002
0.162176 -0.510540 0.844421 40.754639 2558 3772
-0.711987 0.332659 0.618395 42.736034 2560 3156
0.324357 -0.023860 0.945634 23.374331 2560 3719
0.403115 -0.584185 -0.704433 31.386498 2563 2565
-0.033237 -0.889559 -0.455610 33.950014 2563 2954
0.456406 -0.889739 0.007625 61.504795 2563 3727
-0.051182 0.744533 0.665621 45.441012 2563 5175
0.026541 -0.625343 0.779899 42.353160 2563 5222
0.370406 0.163525 0.914362 19.561718 2566 3395
0.895667 -0.418916 0.149297 40.658434 2566 3400
0.488102 -0.867752 -0.093610 9.297316 2567 2569
0.124321 -0.076832 0.989263 7.437121 2572 3008
0.633025 -0.539536 0.555140 23.013249 2573 3161
-0.293516 -0.836346 0.463005 23.711549 2576 3201
0.443462 -0.228190 0.866759 19.415734 2577 3355
0.221711 -0.912659 0.343362 10.963857 2581 2683
0.105952 -0.990717 0.085168 17.255783 2588 2642
0.547397 -0.677069 0.491868 25.146553 2590 3264
-0.665486 -0.322904 0.672949 12.305543 2591 3124
0.195657 -0.971232 0.135744 10.225150 2594 2650
0.168875 0.858071 0.484969 6.770517 2599 2791
0.346624 -0.453418 0.821135 21.118290 2600 3370
0.838163 -0.545210 -0.015103 18.832394 2609 2610
-0.289792 -0.725135 0.624660 24.812991 2609 2855
0.793299 -0.600639 0.099546 17.871921 2613 2993
0.610429 0.125504 0.782065 19.467031 2613 3288
0.980649 -0.187042 0.057809 15.175961 2621 2623
-0.242468 -0.540448 0.805683 37.664790 2622 4232
-0.354864 0.748640 0.560009 32.483380 2625 3834
-0.019855 -0.316921 0.948244 24.155786 2627 3732
0.030437 0.299335 0.953663 22.425420 2642 3628
-0.612557 0.694142 0.378075 19.333301 2646 2970
-0.148433 -0.786691 0.599237 29.842100 2646 3511
-0.084651 -0.752104 0.653586 15.219488 2653 3187
0.553547 -0.604858 0.572479 23.673862 2658 3426
0.438269 -0.457416 0.773751 22.412513 2658 3646
-0.328270 -0.366537 0.870569 35.991860 2658 4330
0.692387 -0.712279 0.115151 19.946692 2659 2799
-0.042974 -0.805974 0.590389 12.619966 2660 3034
-0.625912 -0.378647 0.681807 14.884511 2667 3144
-0.230890 0.967152 -0.106336 24.238749 2674 3244
-0.604863 0.770903 0.199622 14.899079 2675 2811
0.249671 -0.704856 0.663960 21.013036 2680 3297
-0.084313 -0.267408 0.959888 15.990705 2680 3443
0.309628 0.132456 0.941587 25.690344 2683 4090
-0.408830 0.677927 0.610961 24.909554 2694 3464
-0.614003 -0.373733 0.695215 25.864356 2694 3574
-0.815961 0.316323 0.483889 29.861052 2696 2837
-0.559760 0.783524 0.269738 18.830549 2697 2839
-0.578476 0.269314 0.769958 19.743698 2700 3134
-0.789443 0.302332 0.534205 22.461622 2704 3226
0.500676 -0.779383 0.376678 9.798497 2708 2903
-0.445154 -0.546003 0.709732 25.592027 2713 3153
0.536052 -0.476823 0.696627 34.789000 2714 3156
0.784505 -0.460247 0.415602 22.182821 2726 3119
0.428245 -0.463477 0.775754 17.721545 2737 3580
0.760400 -0.195203 0.619425 29.715113 2742 3910
0.864759 0.499416 0.052680 7.392650 2748 2858
-0.562930 0.760432 -0.323809 28.921364 2754 2803
0.559626 -0.826208 0.064806 27.766184 2754 3286
-0.280224 0.740102 0.611329 24.553938 2759 3545
0.673712 -0.556410 0.486333 28.887555 2761 2948
-0.803451 0.563867 0.191102 28.687129 2762 3046
0.854217 -0.401410 0.330430 19.954617 2766 2956
0.222097 -0.796526 0.562334 35.708065 2783 3413
-0.212361 0.300789 0.929747 16.305177 2788 3581
0.949721 -0.254880 0.181842 39.812555 2796 3277
0.012409 0.998671 -0.050013 20.108050 2801 2907
-0.873353 0.458561 -0.164242 38.869493 2810 3152
0.927823 -0.361944 -0.090226 32.994299 2810 3292
0.767169 -0.594355 0.241236 25.853480 2810 3717
-0.845735 -0.405453 0.346901 19.105506 2810 3826
-0.132055 -0.830962 0.540429 25.778073 2810 4231
0.640739 -0.302145 0.705806 25.059297 2810 4401
0.010061 -0.190478 0.981640 39.815784 2810 5616
-0.325872 -0.418596 0.847694 16.559995 2817 3441
0.026682 0.540136 0.841155 8.928683 2822 3200
-0.265030 -0.643477 0.718120 18.479774 2823 3941
0.131967 0.962559 -0.236782 24.752047 2826 3204
0.657698 -0.750878 -0.060125 31.576851 2826 3455
0.254791 -0.938266 0.233963 23.622528 2830 3122
0.226297 -0.299392 0.926906 27.782834 2837 4846
0.358646 -0.341521 0.868755 20.963950 2842 3635
-0.892337 0.374259 0.252319 27.279943 2856 3331
0.354711 -0.674265 0.647724 18.933117 2856 3648
-0.666636 -0.198698 0.718412 26.812896 2856 3868
0.607041 -0.794653 -0.005272 12.219453 2858 2904
0.715414 0.009772 0.698632 18.044905 2859 3090
0.253810 -0.683016 0.684887 18.896615 2864 3385
-0.256068 -0.966344 -0.024652 7.721573 2884 3062
-0.259453 -0.895176 0.362413 25.809727 2885 3454
-0.458301 0.618730 0.638070 12.175166 2887 3206
-0.076321 -0.761213 0.643996 15.671353 2894 3367
-0.918399 -0.290026 0.269124 11.722476 2902 3031
-0.704818 -0.045702 0.707914 13.971898 2907 3278
-0.088554 -0.582876 0.807722 21.220623 2911 3663
-0.172380 -0.143377 0.974540 31.725630 2912 4348
-0.772981 0.587902 0.238478 20.572821 2914 3105
0.354480 -0.832369 0.426036 31.674387 2914 3602
-0.278849 0.684248 0.673831 26.777864 2922 3985
0.615369 -0.788183 0.009410 17.366802 2927 2928
-0.840100 0.394299 0.372505 23.521440 2927 3312
0.340867 -0.036689 0.939395 10.304364 2930 3512
-0.693351 0.168324 0.700665 13.146538 2944 3427
-0.365876 -0.648075 0.667933 21.590001 2952 3771
0.300144 0.734702 0.608380 13.691036 2956 3446
0.449842 -0.889979 -0.074697 7.621728 2972 3796
-0.266130 0.522662 0.809938 22.807566 2977 3902
-0.709846 0.684507 0.166037 8.193039 2982 3183
0.457194 -0.361896 0.812407 20.084331 2983 3957
0.228154 0.812263 -0.536819 15.865637 2985 3136
-0.120984 0.694821 0.708933 18.965683 2993 3288
0.506986 0.590293 0.628108 13.479147 2993 3386
0.601368 -0.696061 0.392245 13.269715 2999 3194
0.770140 -0.607894 0.193258 16.402147 3005 3197
0.000308 -0.132371 0.991200 32.968701 3006 4285
0.176355 -0.868831 0.462635 24.264748 3014 3504
-0.230408 0.762937 0.604019 40.409929 3020 4309
-0.655954 0.618477 0.432679 48.985295 3021 4042
-0.428700 -0.354678 0.830915 22.789631 3035 4171
-0.947489 0.277641 0.158682 24.703738 3037 3478
0.776524 -0.507342 0.373650 16.563378 3037 3542
-0.098210 -0.563237 0.820438 14.967953 3039 3651
-0.614072 -0.098202 0.783117 25.105500 3054 4023
-0.485519 0.394947 0.779928 15.354390 3062 3681
0.408767 -0.483204 0.774224 17.457427 3062 3787
-0.100983 -0.674221 0.731593 19.290629 3064 3839
0.046448 -0.793054 0.607378 20.004519 3070 3571
0.913474 -0.167768 -0.370700 12.491533 3082 3132
-0.801518 0.338989 0.492601 26.399880 3082 4431
-0.484738 0.112402 0.867407 30.100211 3094 4488
-0.373682 0.189965 0.907896 17.845462 3106 3772
0.281222 -0.876786 0.390077 25.163087 3111 3400
-0.504679 0.298058 0.810223 23.723219 3116 4193
0.930200 0.261067 0.258015 17.378729 3135 3138
-0.912434 -0.338233 0.230356 18.948893 3137 3272
-0.049541 -0.923271 0.380941 13.753879 3142 3381
-0.922731 -0.077000 0.377674 15.553676 3151 3385
-0.657482 -0.735654 -0.162882 10.607022 3153 3484
0.252566 -0.073436 0.964789 15.906586 3153 4443
-0.802381 0.596631 -0.014692 50.266462 3156 3768
-0.651364 0.743159 -0.153103 24.753008 3156 3770
-0.600405 0.698577 0.389235 34.433695 3156 4619
0.137325 -0.022791 0.990264 29.160089 3156 5282
-0.395852 -0.408059 0.822672 39.501644 3156 5661
0.113265 0.163387 0.980039 19.942551 3160 4137
-0.087638 -0.448934 0.889257 11.290061 3161 3674
-0.378446 0.917928 0.119106 17.305904 3170 3261
-0.320493 0.705148 0.632496 20.022235 3170 3686
0.479286 0.839313 0.256589 11.708077 3175 3362
-0.344476 0.756652 0.555710 25.998336 3176 4207
-0.131933 0.409578 0.902685 27.781292 3176 4586
-0.027678 -0.500919 0.865052 33.225500 3176 4731
-0.439659 -0.217081 0.871537 37.001485 3176 5031
0.067893 0.978987 0.192291 14.191728 3183 3321
0.134823 -0.422152 0.896443 16.425622 3187 3910
-0.307862 -0.687551 0.657643 8.200547 3190 3532
-0.606932 -0.233761 0.759598 11.895579 3200 3670
-0.396956 0.492523 0.774498 35.983616 3209 4315
-0.365086 -0.086840 0.926915 14.854845 3221 4165
0.017449 -0.727999 0.685356 46.620688 3236 4489
-0.346346 0.112157 0.931378 34.057663 3241 4923
0.012313 -0.164370 0.986322 10.749785 3261 3686
0.330375 -0.855880 0.397896 44.276366 3264 4042
-0.106881 -0.819121 0.563576 46.503836 3265 4315
-0.108366 -0.182117 0.977287 17.600224 3272 4106
-0.268006 -0.948381 0.169547 18.199343 3274 3375
0.784544 -0.448736 -0.427932 11.635130 3288 3386
-0.738902 -0.234722 0.631608 14.587719 3292 3717
0.391555 -0.557116 0.732330 23.172760 3292 4128
-0.839505 -0.278067 0.466809 23.193889 3310 3989
0.040930 0.311383 0.949403 13.471476 3310 4153
-0.511443 0.620100 0.594896 37.467448 3314 4471
-0.030443 -0.535203 0.844175 29.647669 3316 4637
-0.779107 0.330559 0.532656 13.268548 3331 3812
0.309604 -0.743679 0.592526 20.892673 3331 3868
-0.049178 -0.033392 0.998232 23.518268 3333 4486
0.574520 -0.576708 0.580805 13.808189 3339 3877
-0.102000 -0.775543 0.622999 26.923994 3358 4724
0.152671 -0.225754 0.962147 20.733761 3360 4360
0.110836 -0.140894 0.983801 21.110592 3362 3850
0.563998 0.727410 0.390872 10.735534 3365 3575
-0.596881 -0.248345 0.762927 26.261657 3369 4323
0.735812 -0.290386 0.611765 23.162566 3379 4170
0.491300 -0.749477 0.443743 19.314213 3382 3761
0.223758 -0.365418 0.903550 12.521365 3395 4931
0.805215 -0.546420 0.230336 17.382947 3397 3556
-0.385191 0.576544 0.720573 18.420789 3397 4133
-0.780401 -0.333504 0.528914 23.807700 3399 3836
0.479915 -0.501930 0.719547 13.884497 3404 3940
-0.573937 0.072777 0.815659 32.344472 3411 3460
0.713952 -0.647371 0.266801 38.682564 3413 4317
-0.004912 -0.481662 0.876343 35.160978 3413 5416
0.113022 -0.414978 0.902784 17.176099 3423 4057
-0.442802 -0.316249 0.838995 19.003182 3429 4061
-0.042666 -0.651990 0.757027 14.345189 3438 4075
0.549552 -0.785518 0.284524 21.485051 3445 3734
-0.486208 -0.774764 0.404157 8.190302 3452 3612
0.071904 -0.912157 0.403484 18.393780 3456 3843
-0.318928 0.946232 0.054123 5.979402 3458 3459
0.628129 -0.540135 0.560097 33.069670 3460 5802
-0.801968 0.269446 0.533148 43.114009 3464 4315
-0.439477 -0.429360 0.788993 22.048861 3486 3880
-0.043182 -0.841278 0.538876 19.205163 3491 4023
0.320917 -0.238026 0.916709 34.842915 3503 5513
0.833169 0.471988 -0.288196 7.612409 3521 3523
0.564529 -0.682398 0.464371 15.711718 3532 3915
-0.181453 0.123603 0.975601 12.680249 3536 3916
0.592642 -0.427281 0.682793 17.328091 3536 4112
0.069350 0.059340 0.995826 30.555895 3543 4226
-0.474825 -0.341118 0.811283 33.650357 3548 4657
0.650178 -0.747646 0.135254 22.483241 3558 3735
0.353396 0.910703 0.213849 10.822716 3563 3680
0.448626 -0.518327 0.728060 19.698559 3564 4459
0.694723 -0.707525 -0.129491 16.523817 3567 3618
-0.929172 0.320096 0.184870 24.136092 3570 3985
0.715325 -0.404710 0.569667 20.274716 3571 4369
-0.235721 0.837609 -0.492795 9.057220 3573 3632
-0.077144 -0.983723 0.162288 23.572322 3574 3797
-0.541860 -0.262170 0.798533 16.250827 3586 4858
0.317277 -0.657383 0.683508 28.126952 3586 5202
-0.181178 -0.833444 0.522059 5.193754 3604 3776
0.225002 -0.359308 0.905689 9.092367 3607 4086
0.247005 -0.951920 0.181208 17.057219 3617 3985
0.449160 -0.888917 -0.089899 16.943915 3619 3620
-0.779314 0.420400 0.464686 18.853885 3623 3987
0.213673 -0.523523 0.824783 29.023231 3631 4779
0.405542 -0.646408 0.646292 15.341653 3656 4227
0.583381 -0.740614 0.333403 19.987044 3660 3928
-0.590338 -0.067134 0.804360 20.073152 3665 4349
-0.144778 -0.280144 0.948978 18.768246 3666 4564
0.700746 -0.533721 0.473388 16.442335 3670 4138
0.224352 -0.783312 0.579732 12.450800 3672 3889
-0.691092 0.245627 0.679749 23.205074 3673 4508
0.600236 -0.403267 0.690719 17.458200 3674 4241
-0.131641 0.077311 0.988278 24.261273 3680 4984
0.599139 -0.656387 0.458463 19.707758 3686 4248
0.722992 -0.269874 0.635964 19.016720 3691 4039
-0.503158 -0.602110 0.619916 24.357054 3701 4479
-0.634277 0.714072 0.296300 19.069324 3707 3866
-0.423322 -0.823604 0.377458 20.288263 3707 4008
0.170934 -0.561494 0.809633 29.503724 3710 4870
-0.079817 -0.680993 0.727927 25.205708 3714 4659
-0.189473 -0.051477 0.980536 19.083546 3719 4663
0.645209 -0.681091 -0.346150 16.053594 3728 4134
0.182313 0.570441 0.800849 29.551694 3728 5564
0.673792 -0.527297 0.517651 10.265051 3729 3935
-0.405216 -0.683421 0.607236 20.893402 3730 4284
0.337037 0.682294 0.648754 28.113405 3732 4290
-0.512712 0.832837 0.208587 11.439020 3737 3838
-0.365366 -0.438044 0.821356 15.306796 3743 4471
0.348550 -0.274445 0.896210 20.466061 3750 4736
0.105089 -0.951856 0.287968 12.990707 3754 3860
-0.603583 -0.784414 0.142768 9.287028 3756 3807
-0.409933 0.752860 0.514934 14.666500 3763 3962
0.896122 -0.429195 -0.112942 27.015995 3768 3770
-0.897172 0.422939 -0.127297 24.688416 3772 4185
0.607914 -0.012123 0.793910 37.364835 3772 4820
-0.299583 -0.921504 0.247146 28.756667 3786 4198
-0.127414 0.909379 0.395974 24.176614 3786 4297
-0.167293 0.981402 0.094147 27.871411 3788 3944
-0.347360 0.444677 0.825593 24.268627 3789 4630
0.013917 -0.398879 0.916898 27.128044 3789 5081
-0.511004 0.705431 0.491165 29.256885 3791 4466
-0.566632 0.176649 0.804812 38.829363 3791 5460
-0.570608 0.400435 0.716979 15.255617 3793 4364
-0.103151 -0.568696 0.816054 22.697342 3799 4642
0.686016 -0.702628 0.188932 15.829452 3801 3904
-0.043587 -0.354776 0.933935 12.668936 3801 4162
0.528260 -0.735715 0.423869 11.073846 3822 4072
-0.475691 -0.285624 0.831948 32.753955 3834 5016
-0.002085 -0.766755 0.641936 13.456015 3841 4152
0.009405 -0.779963 0.625755 15.144698 3849 4310
0.348926 0.857555 0.377956 12.533822 3855 4211
0.024414 -0.753475 0.657023 28.633561 3857 4851
0.631864 0.595252 0.496410 7.219736 3861 4104
-0.945083 0.068940 0.319477 26.978444 3868 4435
0.713595 -0.211112 0.667993 31.402968 3868 5163
-0.352462 -0.315183 0.881153 31.944314 3872 5388
0.030573 0.025217 0.999214 33.537919 3879 5274
0.202885 -0.123900 0.971332 35.684397 3880 6644
-0.221397 0.801742 0.555152 24.035511 3887 5403
0.384586 -0.042545 0.922108 25.514851 3887 5968
0.876324 -0.449075 0.174320 2.705322 3889 3982
-0.463976 0.546461 0.697213 20.259383 3889 4290
0.584632 -0.659312 0.472772 25.628792 3900 4475
-0.665911 -0.267439 0.696447 13.737578 3902 4528
-0.184443 0.257841 0.948419 27.932184 3905 5323
-0.039084 0.903711 0.426356 19.562173 3912 4383
0.182223 -0.114105 0.976614 32.776191 3914 5596
-0.953475 -0.032834 0.299680 24.096230 3915 4432
-0.970840 0.239022 0.018407 10.804683 3916 4173
-0.098434 -0.492660 0.864637 14.451020 3919 4336
-0.296117 0.339996 0.892590 41.414735 3922 4804
-0.529348 0.674631 0.514455 9.679376 3923 4177
0.229303 -0.933313 0.276310 6.834502 3924 4014
-0.643040 0.337274 0.687565 27.228961 3925 4961
-0.849207 0.180618 0.496210 31.116004 3928 4811
0.355852 -0.758731 0.545615 36.106101 3928 4923
0.706161 -0.438331 0.556059 19.680512 3933 4625
0.237883 0.969109 0.065104 28.663697 3934 4134
-0.073909 -0.716598 0.693559 21.250735 3940 4765
-0.426521 0.314600 0.848001 10.598312 3943 4516
-0.663469 0.406434 0.628188 24.211435 3945 4677
-0.449150 -0.330601 0.830040 20.805275 3957 4742
-0.460909 -0.450228 0.764760 16.414004 3959 4651
-0.745648 -0.376360 0.549875 7.990357 3961 4222
0.036457 -0.554254 0.831549 25.554943 3968 4657
-0.641819 0.703599 0.304987 18.120625 3969 4124
-0.250954 0.848248 0.466367 22.935088 3975 4404
0.604967 0.792889 -0.073080 10.883487 3982 4086
0.350923 -0.381440 0.855194 23.332826 3985 4990
-0.312952 0.937838 0.150071 25.111634 3999 4157
0.303080 -0.140577 0.942540 17.576365 4013 4489
-0.500968 -0.028197 0.865007 18.168562 4023 4880
-0.506621 -0.379926 0.773945 21.372117 4024 4351
-0.871922 0.324478 0.366697 16.284293 4026 4405
-0.829710 0.527135 0.183603 31.415172 4031 4242
0.809295 -0.496576 0.313773 29.007960 4036 4677
0.344019 -0.798719 0.493660 27.174583 4038 4842
-0.659794 0.714168 0.233743 14.020980 4039 4525
-0.056732 -0.369119 0.927649 19.948935 4039 4777
0.886040 -0.456968 0.078188 37.839987 4042 4204
-0.902918 0.373530 0.212637 38.879159 4042 4470
0.755805 -0.422021 0.500657 34.916235 4042 5030
-0.087826 0.180321 0.979679 31.490965 4042 5689
-0.835695 0.294249 0.463715 21.418593 4069 4554
0.342949 -0.471751 0.812304 12.221302 4071 4396
0.725629 0.396002 0.562711 18.585688 4073 4704
0.569636 -0.269531 0.776445 23.228021 4074 5115
0.861028 -0.105509 0.497493 16.886849 4076 4349
0.533326 -0.823891 0.191748 21.560638 4102 4377
0.532148 0.746123 0.400149 25.173843 4102 4646
-0.872633 0.393306 0.289520 11.398557 4104 4165
-0.513985 -0.773738 0.370336 20.541031 4105 4257
-0.985837 -0.130400 0.105460 21.217760 4108 4254
-0.655597 -0.744393 0.126774 13.594112 4109 4383
0.540521 -0.696591 0.471803 24.690348 4111 4608
0.111339 -0.505937 0.855355 12.443217 4112 4696
-0.799595 0.587433 0.124785 44.331496 4115 4488
0.718632 -0.535315 0.443854 24.243006 4119 4617
-0.125408 -0.482305 0.866980 10.149358 4120 4494
0.451865 0.134089 0.881951 38.876847 4122 5485
0.624057 0.588030 0.514561 13.193255 4127 4564
-0.132449 0.808298 0.573682 26.619085 4130 5221
0.292623 -0.466910 0.834486 30.203849 4135 5449
-0.454077 0.301543 0.838383 21.396364 4139 5229
0.181203 -0.735944 0.652343 21.434329 4146 4887
0.003090 -0.999180 0.040372 23.107493 4154 4468
-0.676824 0.422614 0.602749 19.109290 4162 4953
0.526903 0.747591 0.404328 16.451386 4164 4479
-0.592142 0.727636 0.346284 22.829522 4164 4594
-0.307026 -0.814830 0.491718 24.063977 4167 4600
0.360881 0.071856 0.929840 28.917096 4171 5604
-0.344057 -0.144808 0.927715 39.154827 4180 6058
-0.583181 0.348006 0.734025 30.693112 4184 5615
-0.573804 -0.378779 0.726138 21.726573 4189 4624
-0.584351 -0.247749 0.772758 30.177577 4190 5449
0.181203 -0.977830 0.104950 19.939820 4197 4516
-0.435326 0.210512 0.875315 16.579373 4202 4946
0.559728 -0.690252 0.458537 35.476319 4204 5089
0.840790 -0.153605 0.519112 19.840018 4208 4732
-0.318058 0.937338 0.142257 11.546562 4209 4373
0.771398 0.166511 0.614182 20.257725 4211 4734
0.307863 -0.722498 0.619045 15.050277 4214 4645
0.225343 -0.792823 0.566262 22.495055 4221 4749
0.252404 0.261659 0.931572 20.898720 4222 5390
-0.112588 -0.762073 0.637627 34.526324 4226 6312
-0.729349 0.358926 0.582427 27.629902 4227 5053
-0.457473 0.139499 0.878213 19.754977 4230 5115
-0.138384 -0.216419 0.966443 30.562432 4234 4820
-0.757534 0.437017 0.484932 27.372455 4237 4971
0.670371 -0.462944 0.579901 21.882197 4237 4978
0.449483 -0.290260 0.844816 17.938569 4249 5140
0.013605 0.267007 0.963598 18.761114 4249 5308
0.587686 -0.687659 -0.426321 47.754966 4251 4421
-0.545573 0.795893 0.262497 31.367172 4251 5803
-0.595322 -0.557416 0.578687 10.622859 4254 4255
0.374344 -0.553407 0.744048 33.939290 4258 5596
-0.347581 0.244018 0.905341 7.341967 4269 4654
0.542040 -0.657696 0.523095 32.708078 4272 5170
0.991545 -0.129003 0.014036 26.206721 4276 4278
0.565748 -0.250344 0.785657 19.821257 4277 5117
0.331679 -0.604176 0.724542 33.515172 4281 6020
0.333728 -0.818159 -0.468232 25.655426 4295 4296
-0.739753 -0.302918 0.600838 19.212445 4311 4779
0.672995 -0.736354 0.069715 42.953482 4315 4844
-0.186600 -0.637277 0.747703 45.437362 4315 6401
0.607155 0.141928 0.781805 16.074733 4328 4744
-0.275355 -0.481888 0.831843 22.692879 4333 4864
-0.162345 0.076550 0.983760 18.739895 4337 5711
-0.607383 0.720630 0.334332 37.089411 4339 4915
-0.273670 -0.855403 0.439762 13.224984 4340 4612
-0.260244 0.932154 0.251719 24.360263 4345 4659
-0.626050 -0.288381 0.724499 21.648375 4345 5114
-0.263360 -0.878458 0.398690 17.831722 4347 4756
-0.415815 0.294299 0.860515 23.864057 4348 5557
-0.105229 -0.760782 0.640420 17.508891 4349 4928
-0.157820 -0.397704 0.903839 18.820800 4349 5446
-0.623210 -0.208309 0.753801 29.874018 4349 5662
-0.560363 0.813691 -0.154595 23.079892 4351 4761
-0.206722 -0.551676 0.808035 18.397160 4351 5666
-0.045701 0.143383 0.988612 32.291687 4355 5783
-0.440981 -0.894692 0.071156 21.538239 4361 4464
-0.084958 -0.870805 0.484232 19.705263 4363 4578
0.990778 -0.123031 -0.056761 15.447817 4364 4467
0.618083 0.149458 0.771774 23.441537 4364 5408
0.220851 -0.885534 0.408722 21.399068 4366 4837
0.084994 -0.812138 0.577242 16.565497 4368 4896
-0.454595 0.039005 0.889844 29.854196 4378 5755
0.102950 -0.490732 0.865207 15.869270 4392 5213
0.827952 -0.005862 0.560768 19.167517 4405 4825
-0.620867 0.682447 0.385734 17.456919 4407 4718
-0.256119 0.148219 0.955214 10.340644 4420 4904
-0.210337 -0.800363 0.561406 31.822894 4421 5314
-0.998592 0.023413 -0.047596 31.887491 4439 4862
0.553833 -0.669874 0.494508 30.182303 4439 6004
-0.091971 -0.516812 0.851145 8.234011 4442 4874
0.847239 0.502748 0.171554 19.032305 4448 4500
0.115892 -0.873342 0.473120 24.337039 4452 5019
-0.681490 -0.435616 0.588056 28.014736 4460 5234
-0.515622 0.789074 0.333909 38.448598 4461 5238
0.174735 -0.743676 0.645302 24.879033 4462 4890
-0.241443 -0.765644 0.596233 32.978468 4480 4800
0.667392 -0.718838 0.194576 27.767179 4482 4863
-0.256378 0.142405 0.956029 14.107045 4482 5157
-0.197896 -0.529444 0.824940 24.598013 4488 5480
0.050466 0.515112 0.855636 38.149383 4488 6155
-0.722979 0.678851 0.128308 19.102098 4489 5007
0.440379 -0.494922 0.749078 32.174323 4489 6006
0.164623 -0.985788 0.033477 13.345489 4503 4667
0.667166 -0.671778 0.321876 9.052755 4506 4713
0.252533 -0.234381 0.938772 23.889822 4521 5516
-0.263625 0.222714 0.938563 15.833046 4525 5248
0.144059 0.278489 0.949574 13.558433 4532 5259
0.311611 0.407190 0.858543 14.879386 4533 5093
-0.117114 -0.979871 0.161670 34.773840 4548 4805
0.434937 0.012818 0.900370 18.443126 4550 5430
-0.852628 0.478024 0.210994 8.047399 4551 4868
0.698530 -0.698134 0.157052 24.971677 4551 4961
-0.680915 0.442017 0.583931 15.516176 4561 5116
0.610314 -0.753878 0.243279 15.843991 4564 4566
-0.356176 -0.725631 0.588726 14.156274 4570 5295
0.315578 -0.370284 0.873671 28.214271 4570 5783
-0.159197 -0.346647 0.924387 20.444004 4576 5079
-0.410453 -0.211172 -0.887093 4.679161 4578 4769
0.392821 0.090881 0.915113 13.387160 4595 4691
-0.396535 -0.431447 0.810317 41.829303 4606 5099
0.419986 -0.902381 0.096545 23.025163 4614 4810
-0.174361 -0.433569 0.884091 17.463916 4614 5435
-0.217619 -0.940158 0.262192 19.962307 4626 4884
0.612124 -0.775747 -0.153363 4.754068 4641 4682
-0.312980 0.859244 0.404652 25.550902 4642 5314
-0.371949 0.890936 -0.260553 19.130497 4643 4682
-0.935516 -0.286445 0.206782 14.748024 4648 4796
0.553822 -0.717141 0.423071 27.565562 4657 5658
0.078274 -0.769559 0.633761 37.760530 4657 6213
-0.114700 -0.461179 0.879862 8.851853 4663 5064
-0.225869 -0.869475 0.439314 22.361651 4673 5080
0.747794 -0.435491 0.501150 20.751907 4684 5259
0.057845 0.677598 0.733154 27.458901 4684 5695
0.069688 0.751644 0.655877 29.423674 4688 5700
0.224068 -0.127983 0.966133 11.581766 4691 5262
0.366392 -0.333439 0.868663 14.641793 4691 5758
0.274530 -0.701667 0.657492 16.811462 4691 5759
0.584208 -0.243659 0.774165 19.160176 4694 5600
-0.388843 -0.806757 0.444910 15.435403 4699 5164
-0.020361 -0.970955 0.238394 28.860997 4708 4926
-0.018977 -0.424366 0.905292 20.739389 4710 5823
0.291697 0.738174 0.608287 5.522235 4718 4935
0.570537 -0.108262 0.814105 12.645063 4722 5234
-0.642961 0.167523 0.747353 23.872552 4724 4889
0.482144 0.851101 0.207761 9.653507 4726 4768
0.192656 -0.981254 -0.005031 12.741624 4733 4734
-0.217883 -0.303766 0.927498 19.988357 4736 5697
0.678335 -0.369320 0.635188 24.671634 4745 5604
0.381015 -0.819223 0.428603 25.783983 4749 5390
-0.832321 0.539040 0.129143 16.132594 4758 4968
0.377132 -0.905485 0.194598 23.726585 4759 5221
0.229359 -0.290273 0.929051 18.511249 4767 5679
0.133532 -0.440278 0.887876 16.701557 4770 5514
-0.459143 0.802992 0.379990 9.154684 4786 4998
0.682777 -0.679666 0.268085 15.865264 4793 5003
0.962677 -0.196948 0.185644 19.795736 4794 5536
-0.641412 -0.031737 -0.766540 25.982056 4804 4866
0.810653 -0.028073 0.584853 27.106501 4804 6632
0.154222 -0.071311 0.985459 35.401775 4804 7557
-0.733078 0.541094 -0.412086 33.966460 4820 4928
0.753541 -0.638149 0.157928 33.815387 4820 6071
-0.565860 -0.498536 0.656707 17.053133 4824 5349
-0.253763 0.957291 0.138559 19.606443 4826 4979
0.169514 -0.979005 0.113200 10.243181 4827 4828
-0.761783 0.534391 0.366214 30.267481 4842 5408
-0.299577 -0.069600 0.951530 23.356295 4854 6097
0.912277 0.077006 0.402271 19.514428 4855 5326
0.221602 -0.352126 0.909340 41.299288 4860 6728
0.946226 -0.265329 0.185089 28.705314 4861 5477
0.182914 -0.734017 0.654035 23.976027 4861 5908
0.029142 -0.452635 0.891219 16.295365 4861 5998
0.447959 -0.656734 0.606657 21.996798 4861 6000
-0.080498 -0.322288 0.943213 40.588102 4861 7170
0.084575 -0.932129 0.352113 21.797478 4862 5477
-0.234329 -0.708760 0.665394 26.268898 4863 5708
-0.734345 -0.253348 0.629724 17.205633 4864 5853
-0.002540 -0.174980 0.984569 22.480438 4872 5914
-0.314340 -0.537609 0.782411 31.865596 4877 6067
0.714899 0.098844 0.692206 20.296919 4885 5567
-0.199331 0.283005 0.938177 28.753284 4885 6920
0.277646 -0.868886 0.409818 21.149566 4888 5073
-0.787149 0.606235 0.113470 19.896999 4889 5788
-0.519625 -0.428744 0.739032 25.628652 4889 6662
-0.128937 -0.752501 0.645847 32.456815 4889 6751
0.748598 -0.630566 -0.204909 15.275672 4890 5078
0.529060 -0.845675 0.070206 23.007722 4890 5361
-0.482434 -0.723940 0.493121 22.141476 4890 5880
0.409610 -0.607312 0.680729 39.525279 4890 6668
0.337718 -0.231924 0.912227 32.759474 4900 6400
0.968569 -0.097569 0.228812 30.308439 4915 5051
-0.045889 -0.767748 0.639107 30.793208 4915 6055
-0.258743 -0.132274 0.956847 29.053494 4915 6476
0.304656 -0.624520 0.719138 19.273091 4917 5433
0.797088 -0.598558 0.079873 19.443374 4924 5119
-0.041290 -0.909178 0.414355 29.145335 4926 5663
-0.135837 0.702802 0.698296 8.302966 4928 5446
0.544718 0.178250 0.819456 16.911628 4933 5629
-0.752054 -0.238475 0.614447 14.163275 4947 5409
-0.713037 -0.183930 0.676570 61.781792 4961 7009
-0.815230 -0.482689 0.320019 15.459964 4962 5335
0.523293 -0.677893 0.516357 36.926475 4962 6058
-0.688968 0.415660 0.593759 13.098273 4967 5278
0.649851 -0.759284 0.034356 20.978503 4978 4979
-0.436346 -0.209852 0.874965 28.651220 4978 6269
0.219983 -0.975438 0.011371 14.863347 4981 5129
-0.479369 -0.873755 0.082205 20.532878 4987 5072
0.141017 -0.371862 0.917515 12.008401 4988 5576
-0.245540 -0.924896 0.290304 5.664945 4999 5037
-0.285577 0.956996 0.051028 21.351578 5012 5114
0.004210 -0.924190 0.381909 18.610368 5012 5489
0.142329 0.248183 0.958200 15.972879 5012 5916
-0.526365 0.803273 -0.278733 23.220241 5015 5344
-0.304400 -0.391047 0.868575 23.111984 5016 6072
0.794565 -0.203952 0.571900 24.529588 5021 5787
-0.095338 -0.619038 0.779553 13.228654 5023 5457
-0.893386 0.349485 0.282351 21.876385 5025 5678
-0.429335 -0.645759 0.631401 12.971425 5025 5836
-0.464948 0.381197 0.799070 15.734586 5030 5749
-0.477495 0.546698 0.687837 36.872087 5042 5099
0.516780 -0.736493 0.436483 21.256158 5049 5391
0.598642 -0.543734 0.588202 20.101423 5050 5716
0.425605 -0.895258 0.131813 24.399881 5051 5547
-0.881642 0.411126 0.231695 45.389172 5052 5212
0.163844 -0.870691 0.463737 37.895415 5058 5341
-0.948070 0.122668 0.293455 23.882970 5060 5442
0.852582 -0.515034 -0.088569 18.556733 5062 5221
-0.589637 -0.238226 0.771736 32.727694 5062 5776
-0.198870 0.595922 0.778028 21.863187 5074 5512
0.425235 -0.866633 0.261001 28.300569 5076 5460
-0.464111 -0.059343 0.883787 18.746510 5076 5881
-0.020929 -0.566242 0.823973 20.847427 5077 6278
0.067406 -0.898417 0.433939 10.935618 5078 5361
-0.503393 0.855631 0.120383 8.638157 5085 5140
0.440931 -0.765200 0.469094 36.072860 5086 5145
0.488010 -0.477421 0.730695 25.805442 5095 6097
-0.710969 0.136870 0.689775 13.642575 5097 5534
0.812095 0.254549 -0.525078 26.984286 5099 5707
0.402771 -0.573851 0.713071 36.092885 5102 7171
-0.289175 -0.068060 0.954854 16.146166 5106 6004
0.798346 -0.405409 0.445295 23.782856 5110 5860
-0.207466 0.864081 0.458608 13.137548 5112 5438
-0.635479 0.650773 0.415525 16.300153 5114 5657
-0.411607 -0.434116 0.801326 15.303855 5123 5922
-0.525307 -0.771591 0.358748 10.611924 5135 5365
-0.571282 0.542359 0.616023 14.380129 5135 5636
-0.654919 0.274922 0.703917 24.751075 5136 5741
0.361703 0.905002 0.223924 5.638111 5137 5247
-0.592116 0.774757 0.221699 13.186325 5140 5308
0.057532 -0.869780 0.490075 8.378497 5141 5309
0.827404 -0.450317 -0.335585 36.843385 5145 5378
0.968527 -0.066333 -0.239908 22.980788 5145 5751
-0.630213 -0.555127 -0.542831 18.738138 5145 5805
0.861414 0.394235 -0.320226 18.898811 5160 5389
-0.676388 -0.606610 0.417760 28.552606 5160 5599
-0.049451 -0.990128 -0.131151 19.023680 5160 5601
-0.340901 -0.302016 0.890266 30.469624 5170 6635
0.590764 -0.516713 0.619682 6.374970 5178 5292
-0.189687 -0.963407 0.189382 14.738317 5184 5576
-0.745515 0.478692 0.463748 22.730260 5184 5834
0.567990 -0.820848 0.059969 15.812648 5188 5245
-0.318607 0.946401 0.053062 10.362748 5193 5466
0.943377 0.260598 0.205254 10.708197 5193 5588
-0.228624 -0.923985 0.306565 20.710929 5202 5329
0.652854 -0.379266 0.655697 17.138136 5208 5767
0.053058 -0.723619 0.688157 28.353956 5211 6252
-0.592673 0.585626 0.552975 29.729204 5215 6112
-0.793235 0.039771 0.607615 44.272598 5221 5776
-0.059771 -0.719603 0.691808 15.639536 5223 5873
-0.356121 -0.393846 0.847386 25.243094 5229 6270
0.516998 -0.797280 0.311541 22.909459 5239 5740
0.645345 -0.761215 0.063888 21.426549 5240 5358
0.596350 -0.732078 0.329285 4.644148 5262 5758
0.122926 -0.850198 0.511911 30.137034 5268 5999
-0.600043 -0.088544 0.795052 23.693801 5268 6202
0.596964 -0.684259 0.418835 27.709993 5274 5717
-0.732747 0.536396 0.418762 25.313108 5274 6006
-0.447703 0.496660 0.743566 18.303360 5276 6009
-0.136415 -0.244601 0.959980 15.694951 5280 6876
-0.675447 -0.074441 0.733642 39.798929 5280 7514
0.113732 -0.737310 0.665912 16.866959 5285 5923
0.906402 -0.332096 0.261051 10.117649 5293 5404
0.681408 -0.705342 -0.195383 27.934101 5294 5299
0.649720 -0.008155 0.760130 21.464509 5295 5783
0.291162 -0.079328 0.953379 10.585903 5296 5782
0.106278 -0.773843 0.624397 30.877579 5297 6081
0.026143 0.475571 0.879289 40.996733 5297 7024
0.779920 -0.588753 -0.212354 6.679208 5302 5303
0.359626 -0.717391 -0.596673 17.611060 5306 5362
0.528876 0.835747 -0.147704 31.936783 5306 5680
-0.432677 -0.901525 -0.006572 22.152417 5306 5838
-0.490238 -0.702812 0.515483 13.873973 5306 6277
-0.198315 -0.722982 0.661792 22.608579 5306 6711
-0.108243 0.462948 0.879752 30.145448 5306 7072
-0.278298 0.057525 0.958770 16.173410 5313 6143
-0.152455 0.956034 0.250513 28.022661 5341 6262
0.157670 -0.971417 0.177453 41.277428 5341 6373
-0.618163 0.304741 0.724574 15.892969 5345 6019
-0.641065 0.687598 0.340948 23.596095 5359 5837
0.242061 -0.883305 0.401470 27.229168 5364 5978
-0.150790 -0.902470 0.403497 26.333176 5367 5887
-0.601026 -0.194978 0.775081 13.341618 5373 5841
-0.511083 0.822936 0.248133 10.212132 5375 5589
-0.551073 0.758916 0.346937 10.551695 5376 5414
-0.650007 0.560931 0.512686 20.899416 5377 6038
-0.196771 0.018350 0.980278 32.140871 5383 6999
0.162751 -0.887330 0.431459 23.543641 5385 5907
-0.410663 -0.668276 0.620292 36.680709 5388 6578
-0.796780 0.295399 0.527144 45.777544 5388 6630
0.605988 -0.650546 0.457786 19.786782 5402 5826
0.416588 -0.805400 0.421645 25.018753 5411 5981
-0.216699 -0.294757 0.930677 20.487230 5411 6448
0.386552 -0.499279 0.775434 27.367304 5416 6403
0.575873 -0.817539 0.000291 23.251569 5440 5489
-0.823017 0.385508 0.417166 22.269180 5441 5485
0.576407 -0.681705 0.450592 24.336812 5447 5669
0.011720 0.877890 0.478719 24.083608 5455 6129
-0.814547 0.569444 0.110662 18.976878 5479 5600
-0.576489 0.194631 0.793587 20.551981 5484 6486
-0.442197 0.852451 0.278906 28.914922 5485 6213
0.619532 -0.560959 0.549094 18.765400 5485 6261
-0.056809 0.362636 0.930198 29.634239 5485 7139
0.097213 -0.885912 0.453552 29.865503 5489 6067
-0.046711 -0.439129 0.897209 18.163537 5498 6431
0.304842 -0.921851 0.239296 27.805397 5512 6390
0.394892 -0.319682 0.861315 8.475062 5518 5892
-0.286502 -0.498580 0.818129 15.246415 5524 6040
-0.335256 0.661580 0.670757 26.620818 5531 6465
0.441308 -0.272280 0.855050 33.443048 5542 6950
0.575853 -0.646027 0.501041 26.494611 5550 6644
-0.308806 -0.002851 0.951121 7.647021 5558 5919
0.090463 -0.956608 0.276981 24.458857 5565 5929
0.172646 0.969807 0.172243 14.114068 5567 5732
0.737555 -0.627853 0.248625 6.299421 5572 5631
0.815070 -0.514019 0.267293 19.318796 5581 5888
-0.702833 0.414191 0.578336 15.662617 5585 5940
-0.033851 -0.498968 0.865959 37.728100 5596 7215
-0.511693 -0.757888 0.404694 15.522682 5597 5997
-0.877797 -0.223949 0.423461 25.534181 5598 6300
-0.057076 -0.206457 0.976790 24.990432 5604 6768
-0.124612 -0.791756 0.597992 27.667862 5606 6474
-0.358340 -0.333116 0.872139 19.270037 5607 6361
0.401698 -0.793877 0.456506 25.940028 5608 6112
0.191361 -0.754376 0.627932 11.626841 5609 5957
0.144048 -0.926637 0.347268 13.283222 5625 5825
-0.470804 0.272721 0.839028 20.444415 5632 6706
-0.444884 0.863164 0.238800 21.605030 5637 5681
0.058601 0.221929 0.973300 15.083907 5637 6333
-0.473728 0.209813 0.855313 9.021407 5651 6103
0.253855 -0.441662 0.860519 20.324657 5662 6592
0.503258 -0.733675 0.456566 20.855459 5681 6333
0.268981 0.834051 0.481672 20.009254 5681 6445
0.657104 -0.751243 0.062045 14.348523 5682 5793
-0.204200 -0.712482 0.671321 27.363019 5691 7544
-0.424163 -0.720315 0.548846 19.721578 5704 6051
-0.398190 -0.668361 0.628282 43.579660 5712 7009
0.466322 -0.791733 0.394592 20.471266 5717 6586
0.722568 -0.424208 0.545842 12.830910 5718 6062
-0.496253 0.836961 0.230716 25.644528 5724 5963
-0.085465 -0.733086 0.674745 22.061684 5724 6382
0.317448 -0.292999 0.901875 8.863389 5726 6075
0.442262 -0.861291 0.250165 18.321819 5729 5928
-0.133531 -0.989287 0.058994 10.012305 5733 5784
0.615487 -0.751375 0.237930 23.016049 5741 6189
-0.223239 0.872469 0.434698 39.301553 5741 6929
0.322190 0.746162 0.582612 28.687884 5744 6613
-0.502239 0.752644 0.425773 22.400266 5753 6348
-0.580483 -0.549628 0.600790 15.366424 5762 6203
-0.620737 -0.365691 0.693510 13.494435 5770 5953
-0.014230 -0.975712 0.218596 38.912116 5775 5776
-0.508955 0.859936 -0.038401 43.634303 5776 6318
-0.850325 0.521439 0.071052 37.003735 5776 6542
0.520227 -0.807000 0.279492 38.687954 5776 6914
-0.766152 0.479046 0.428400 38.483671 5776 7176
-0.311101 0.851621 0.421851 40.684600 5776 7177
-0.782136 -0.059056 0.620302 46.717749 5776 7799
0.314920 -0.892435 0.323088 18.580488 5782 6126
0.415505 -0.908240 0.049567 42.123187 5783 6179
-0.509897 -0.445755 0.735736 28.840367 5783 7021
-0.131978 -0.182956 0.974222 23.602264 5783 7235
0.776384 -0.627343 0.060569 35.347356 5787 5834
-0.135655 -0.451052 0.882128 40.018602 5787 7475
-0.315206 -0.473078 0.822704 27.561433 5791 6888
-0.132067 0.960960 0.243134 24.024231 5795 6233
-0.749377 0.105152 0.653741 11.208042 5797 6087
-0.001344 -0.206625 0.978419 4.859296 5804 6035
0.589530 0.701605 0.400256 14.465830 5819 6067
0.823030 -0.516656 0.235983 16.749996 5820 6014
0.081362 -0.992857 0.087269 36.219072 5823 6020
0.281421 -0.785683 0.550912 27.859482 5839 6712
0.177030 -0.802412 0.569908 28.831077 5847 6994
0.090073 0.270178 0.958588 20.023287 5852 6250
-0.025596 0.827462 0.560938 17.330728 5854 6415
-0.593290 0.492071 0.637082 12.024690 5856 6206
-0.811886 0.471455 0.344341 22.813422 5858 6312
-0.585962 -0.116135 0.801973 15.220322 5863 6487
0.195532 -0.908905 0.368318 19.950705 5872 6070
-0.113165 -0.984900 0.131019 27.231850 5876 6173
0.536263 -0.488843 0.688080 19.819842 5878 6554
0.039675 -0.011746 0.999144 16.783319 5881 6709
0.012955 0.274554 0.961484 23.760989 5890 6611
-0.355304 0.928807 -0.105249 11.006531 5908 5998
0.812435 0.468424 -0.347173 6.730546 5908 6000
0.554479 -0.793593 0.250526 19.705127 5913 6061
0.784175 -0.319788 0.531794 22.032929 5914 6640
0.012702 -0.745717 0.666142 18.907779 5915 6736
-0.529625 0.324666 0.783639 33.032509 5917 7271
-0.104320 -0.523248 0.845771 23.720972 5925 7108
0.054724 -0.853952 0.517466 42.600460 5929 7024
-0.253773 -0.401471 0.880012 16.389384 5951 6632
-0.109771 0.154465 0.981881 14.202249 5953 6421
-0.846174 0.248998 0.471158 16.568706 5957 6692
0.358739 0.883268 0.301903 16.003591 5958 6214
-0.687141 0.663405 0.296194 25.873807 5977 6330
-0.463648 -0.507696 0.726137 22.330274 5984 6852
0.794534 -0.598959 -0.099815 11.804134 5998 6000
-0.151377 -0.230787 0.961157 24.720700 5998 7170
-0.579095 -0.035052 0.814506 17.622019 6002 6729
0.870566 -0.348842 0.347021 13.947789 6010 6011
-0.965227 0.097577 0.242519 28.953478 6010 6112
0.896343 0.028092 0.442470 23.873713 6013 6588
0.313160 -0.539865 0.781330 15.200393 6016 6590
0.657070 -0.744271 0.119664 25.629512 6035 6038
0.430984 -0.900915 -0.051037 28.311056 6038 6039
-0.216472 0.949533 0.226996 41.197312 6038 6676
0.813470 0.093325 0.574071 37.303984 6054 7009
0.332310 0.351105 0.875383 14.092205 6055 6631
-0.157135 -0.610428 0.776329 34.248838 6058 7261
0.956977 -0.257988 0.132806 29.661280 6059 6213
0.412705 0.907510 0.078108 20.514045 6067 6264
0.341272 -0.675616 0.653511 33.856454 6067 7271
-0.026100 0.882837 0.468954 15.539054 6077 6496
-0.585741 0.547439 0.597677 24.002988 6080 7065
-0.503123 -0.660667 0.557124 27.117059 6081 6842
-0.047451 0.931724 0.360055 46.570971 6081 7024
-0.360668 0.177550 0.915639 30.758843 6081 7433
-0.380312 -0.290102 0.878182 15.669814 6083 6749
0.114186 0.823226 0.556112 16.154534 6087 6612
-0.514870 0.529735 0.674010 19.750590 6090 6758
-0.574556 -0.795732 0.191564 9.832780 6095 6352
0.239982 -0.969665 0.046467 18.094141 6095 6353
0.115050 -0.952861 0.280748 6.642042 6100 6200
0.583727 -0.455119 0.672405 12.787141 6104 6902
0.387745 -0.677067 0.625487 17.436806 6108 6362
-0.386775 -0.449324 0.805303 36.657295 6112 7631
-0.286855 -0.463612 0.838319 16.849221 6120 6837
-0.023056 -0.707530 0.706307 13.079914 6130 6556
0.645419 0.548728 0.531349 9.097981 6138 6238
0.764417 -0.580954 0.279569 21.647588 6139 6617
-0.622898 0.486739 0.612440 23.102773 6139 7036
0.713269 -0.696188 0.081060 26.983708 6140 6400
-0.358673 0.615638 0.701672 29.357462 6141 7291
0.055818 0.562816 0.824695 21.938576 6145 7081
0.929342 -0.238379 0.281955 35.803493 6153 6689
-0.188450 0.982071 0.004851 9.408601 6155 6306
-0.043334 -0.769290 0.637428 23.041811 6155 6417
0.232937 -0.707988 0.666703 39.552726 6155 7622
-0.802877 -0.105133 0.586801 20.861649 6157 6826
-0.475075 -0.500620 0.723660 14.577575 6162 6645
-0.012761 0.824535 0.565668 20.085389 6167 6835
0.696998 -0.105548 0.709262 9.526141 6170 6432
0.425019 -0.903637 -0.052905 33.563850 6179 6181
-0.132150 -0.075123 0.988379 23.868765 6179 7334
0.658557 -0.655459 0.369697 17.038063 6191 6757
0.836557 -0.284161 0.468429 14.424328 6199 6810
0.420591 -0.526644 0.738748 26.397560 6213 7139
-0.712224 0.418633 0.563457 17.465904 6220 6695
0.543034 0.704133 0.457504 16.471676 6221 6593
-0.417497 0.199592 0.886487 27.803726 6230 7394
-0.650952 0.113173 0.750636 28.052236 6233 7337
0.899949 -0.424640 0.098857 42.476340 6237 6400
0.721246 0.134449 0.679505 12.335028 6245 6682
-0.741331 -0.394533 0.542929 18.540036 6249 6814
-0.059926 -0.167753 0.984006 12.976804 6251 6899
0.057920 -0.467967 0.881846 10.430501 6252 6771
0.362618 0.903332 -0.229127 7.086424 6257 6313
-0.734985 -0.077999 0.673582 17.895334 6257 7052
-0.263254 -0.026757 0.964355 16.623886 6263 6540
0.590822 -0.790505 0.161343 24.336810 6267 6546
0.137700 0.850076 0.508340 27.089345 6272 6842
0.106746 -0.847695 0.519633 22.796294 6275 6704
-0.654802 -0.687817 0.313277 5.586938 6285 6515
-0.979952 0.164039 0.113069 26.748861 6290 6400
0.012120 -0.971232 0.237827 12.394759 6298 6408
0.971566 -0.018462 0.236049 12.868536 6300 6360
0.596841 -0.756952 0.266091 13.698138 6315 6486
0.972470 -0.224861 0.061156 29.756001 6322 6500
-0.531794 -0.037652 0.846036 25.202424 6327 8114
0.257406 -0.807706 0.530427 33.121341 6341 7291
0.303923 -0.692902 0.653848 15.641391 6350 6941
0.714754 -0.695386 -0.074599 13.979279 6352 6353
0.108810 -0.213210 0.970928 18.221409 6359 6949
-0.170926 -0.296017 0.939765 27.804323 6359 7781
0.254787 -0.857297 0.447353 10.545577 6369 6692
-0.043055 0.060939 0.997212 20.499555 6388 6883
-0.407526 -0.191867 0.892810 20.629056 6398 7201
-0.405901 0.478102 0.778885 35.425345 6400 7821
-0.282389 -0.712818 0.641987 7.468821 6411 6820
0.548691 -0.552194 0.627710 18.611214 6417 7622
-0.416573 0.226014 0.880559 13.696049 6425 6773
0.143792 -0.915660 0.375353 11.526895 6434 6653
-0.851723 0.324567 0.411370 26.194748 6436 6844
-0.249293 0.370719 0.894662 12.421903 6448 6984
-0.463726 0.748533 0.473980 28.168726 6451 7153
-0.544598 0.064572 0.836208 15.895891 6464 7086
0.717934 -0.348811 0.602413 12.498251 6470 6946
0.572786 -0.788537 0.223887 18.833052 6476 6631
-0.631667 0.472730 0.614428 28.962613 6479 7622
0.656646 0.117182 0.745040 14.622105 6480 7052
-0.441639 0.478713 0.758807 17.909171 6487 7223
0.512877 -0.596076 0.617778 27.230622 6502 7475
0.262046 -0.746350 0.611795 28.314670 6508 7337
-0.471872 -0.149232 0.868946 12.156550 6515 6933
-0.814461 0.542705 0.205244 11.270929 6523 6723
-0.291782 -0.770655 0.566528 24.386041 6524 7162
-0.887153 0.110561 0.448035 14.662726 6533 7095
-0.957590 -0.126083 0.259085 39.323503 6535 7009
-0.886716 0.338003 -0.315417 20.703579 6540 6783
0.982622 0.095915 -0.158918 30.645329 6540 6831
-0.059367 -0.828066 0.557478 27.842861 6540 7798
0.100301 -0.821045 0.561983 35.753130 6540 8064
-0.870888 0.027091 0.490735 20.837628 6543 6961
-0.879189 0.439424 0.184207 11.912713 6544 6591
0.668494 -0.613373 0.420582 11.077844 6544 6787
0.253261 -0.586960 0.768985 19.930679 6556 6883
0.539884 0.094508 0.836417 17.147410 6556 7435
0.699157 -0.710058 0.083649 23.549113 6581 6583
0.619902 -0.291344 0.728587 15.897397 6582 7011
-0.765325 0.625628 0.151218 33.384149 6603 7020
0.163468 0.830116 0.533091 14.829906 6615 6986
0.218362 -0.930992 0.292528 33.001868 6616 7153
0.479922 -0.874011 0.076026 10.372112 6649 6744
0.497646 -0.687379 0.529016 29.342638 6673 6756
0.706795 -0.531360 0.467008 17.857318 6679 7084
-0.940767 0.319355 0.113884 9.803637 6690 6771
-0.058910 0.997793 0.030627 13.506238 6695 6738
-0.839885 -0.411452 0.353979 12.092715 6698 6837
0.282991 -0.516955 0.807882 21.131659 6705 7529
-0.778298 -0.142544 0.611501 11.143693 6727 6948
0.483907 -0.505671 0.714235 18.128280 6727 7617
-0.256895 -0.644637 0.720033 21.334012 6729 7308
0.846108 0.244616 0.473566 7.926343 6731 6905
0.673938 0.686295 0.273509 12.615222 6740 6915
-0.064542 -0.503725 0.861450 25.768028 6745 7846
0.209662 0.974685 0.077655 27.811887 6746 6839
-0.003385 0.795213 0.606320 26.343090 6760 7824
-0.763232 0.092460 0.639475 17.110224 6785 7372
-0.851202 -0.015156 0.524619 20.129755 6796 7902
0.698780 0.620213 0.356428 9.959026 6803 7076
0.327204 -0.880882 0.342031 18.132642 6804 6934
0.302501 -0.940087 -0.157260 12.175047 6809 6811
-0.353822 -0.393263 0.848619 20.834620 6827 7621
-0.646417 -0.390669 0.655380 23.181231 6837 7522
-0.263269 -0.293942 0.918851 19.783407 6838 7646
-0.413970 0.707947 0.572224 14.233921 6840 7186
-0.424237 0.888985 0.172421 12.211697 6855 7038
0.544007 -0.683939 0.486090 9.801787 6857 7156
-0.213708 -0.069707 0.974407 7.076287 6862 7133
-0.089414 -0.783658 0.614724 26.480651 6868 7306
-0.590220 0.766703 -0.252598 16.494537 6871 6902
0.300642 0.951145 -0.070269 14.003195 6883 7435
0.506320 -0.854525 0.115880 31.466311 6883 7694
0.315601 -0.735069 0.600058 23.930603 6894 7602
-0.251825 -0.379141 0.890414 15.276800 6905 7624
0.316103 -0.948686 0.008581 10.399930 6921 7023
-0.097974 0.992425 0.074119 21.397212 6929 6982
0.025083 0.923748 0.382178 25.795723 6936 7294
-0.027935 -0.996311 0.081142 35.635162 6938 7081
-0.088899 -0.745388 0.660677 12.195727 6947 7305
-0.940942 -0.073851 0.330414 24.709064 6948 7551
0.872932 -0.379209 0.306904 19.984961 6948 7617
-0.578720 -0.373393 0.725025 11.638018 6949 7781
-0.336388 0.821166 0.461010 28.434144 6955 7366
0.500237 -0.754628 0.424617 20.457780 6956 7422
-0.777402 0.067207 0.625403 24.313423 6967 7646
-0.347255 0.452962 0.821121 7.061451 6968 7280
0.109397 -0.993993 0.003119 11.481717 6977 6978
-0.810222 0.164448 0.562581 12.938277 6984 7398
0.297887 -0.954119 -0.030323 16.579731 6986 7037
0.569948 0.060346 0.819462 10.743932 6993 7349
0.004245 0.997369 0.072363 23.378222 6999 7044
0.853263 -0.521240 -0.015832 35.581646 7009 7010
0.295909 -0.858600 0.418623 17.952478 7010 7260
-0.068353 -0.213698 0.974506 14.905455 7010 7836
0.194666 -0.596547 0.778612 23.911465 7011 8023
0.317627 -0.809605 0.493612 27.477057 7046 7608
-0.698000 -0.356103 0.621278 22.651438 7055 7420
-0.854821 0.442906 0.270398 25.718607 7060 7318
-0.602584 0.798021 -0.007417 29.744636 7064 7107
-0.682326 0.684284 0.257267 30.841920 7065 7279
-0.536441 -0.494128 0.684155 13.538332 7068 7473
0.647488 0.438497 0.623282 19.783021 7073 7589
-0.361939 -0.316603 0.876791 15.851648 7078 7596
0.842564 -0.330477 0.425288 29.961748 7089 7781
0.719762 -0.009993 0.694148 19.383805 7097 7420
-0.654059 0.706522 0.270246 18.380562 7100 7423
0.037724 0.995267 0.089561 22.838348 7103 7180
0.303175 -0.353226 0.885051 24.320362 7108 7950
-0.576782 0.642921 0.503960 18.178491 7120 7760
-0.002195 0.469729 0.882808 19.495325 7122 7970
-0.009184 -0.965359 0.260762 35.083250 7124 7447
0.029623 0.857923 0.512923 20.669685 7129 7666
-0.826347 0.389623 0.406625 21.193000 7138 7462
-0.705762 0.528751 0.471511 27.815320 7142 7745
0.169898 -0.935823 0.308820 23.521449 7146 7479
-0.531078 0.846301 0.041611 34.648946 7153 7202
0.253691 -0.936832 0.240804 17.533344 7161 7403
0.041051 -0.947652 0.316656 31.054517 7172 7674
-0.751293 0.427614 0.502698 17.758684 7174 7624
-0.115304 0.969033 0.218357 23.439495 7204 7447
-0.452792 -0.572761 0.683319 16.192028 7257 7980
-0.409726 0.791397 0.453669 15.452083 7260 7836
0.947087 -0.234974 0.218665 14.310567 7261 7421
0.053749 0.958424 0.280239 20.139551 7285 7579
0.171824 -0.956208 0.236943 28.506277 7298 7664
-0.318393 -0.694070 0.645672 18.207676 7316 7890
0.794276 0.593723 0.128914 9.954430 7327 7328
0.459600 0.797992 -0.389841 14.443106 7333 7473
-0.227821 0.967228 -0.112102 30.859669 7333 7688
-0.034513 0.546694 0.836621 2.586714 7352 7718
-0.311717 -0.721196 0.618635 16.918020 7382 7989
0.256435 -0.539037 0.802297 16.564103 7391 8073
0.633796 -0.652633 0.415179 15.465899 7392 7750
0.645207 -0.642856 0.412849 15.328221 7416 7883
-0.188395 -0.331445 0.924473 12.939727 7418 8134
0.948763 -0.285477 0.135469 27.337582 7420 7983
-0.533497 0.809483 0.245189 26.920751 7445 7819
-0.061490 -0.421290 0.904839 15.982478 7447 8208
-0.412986 -0.450932 0.791267 13.175443 7458 7788
-0.595258 0.797953 0.094550 22.962349 7473 7688
-0.812173 -0.359623 0.459398 15.046119 7503 7719
0.671126 -0.732443 0.114528 17.486011 7566 7743
0.460597 0.859913 -0.219998 11.882426 7572 7647
-0.235578 -0.860903 0.450942 12.365545 7621 7930
0.617442 -0.759690 0.204049 37.809216 7622 7838
-0.032966 0.977853 0.206679 16.943509 7629 7839
-0.261487 -0.797926 0.543082 24.470379 7652 8204
-0.263779 0.950042 0.166855 14.899271 7668 7776
0.493678 -0.846801 0.198015 18.029539 7681 7892
-0.834079 0.381215 0.398733 13.236693 7690 7955
-0.123895 -0.349654 0.928651 12.140825 7690 8112
-0.518724 -0.828886 0.209460 6.821318 7724 7832
-0.281412 -0.806703 0.519651 17.813596 7727 8058
-0.426566 0.513036 0.744873 5.372069 7739 7943
-0.319768 0.871091 0.372758 17.145404 7745 7991
-0.883874 0.427396 0.189997 20.073387 7773 7917
0.158556 -0.888217 0.431197 20.477945 7781 8128
-0.398338 -0.700335 0.592332 21.551300 7781 8211
-0.822413 -0.547860 -0.153249 10.282136 7788 7879
-0.871418 0.432633 0.231212 8.043042 7788 8060
0.558418 -0.671421 0.487200 9.381895 7798 8064
-0.389245 -0.877373 0.280544 25.666632 7799 8136
0.062024 -0.850700 0.521979 10.150071 7807 7991
0.525278 -0.520725 0.672999 6.364759 7875 8128
0.394390 -0.805375 0.442525 12.080851 7899 7992
-0.104139 -0.802981 0.586836 9.509086 7899 8175
-0.471414 0.879008 0.071503 29.244423 7917 8008
-0.565671 -0.352787 0.745357 4.279108 7927 8129
-0.635127 -0.769847 0.062846 14.618876 7933 8021
0.999842 -0.010105 0.014655 13.684981 7934 8023
0.766098 0.473950 0.434126 14.972474 7934 8215
-0.481706 0.746170 0.459555 15.229563 7961 8223
0.211307 0.976221 0.048393 12.058257 7988 8027
-0.939037 0.341686 0.038216 6.128435 7992 8175
0.265232 -0.878991 0.396266 9.505587 7997 8180
-0.253030 0.942376 0.218868 18.956600 8004 8116
-0.224737 0.734873 0.639887 9.844528 8023 8215
-0.710495 -0.170609 0.682708 9.554864 8078 8254
-0.894479 0.399872 0.200026 18.665547 8128 8210
-0.920926 0.240959 0.306324 12.847526 8128 8211
-0.393312 -0.870449 0.296013 14.048294 8136 8232
0.969198 -0.133226 0.207140 14.138314 8140 8216
0.214270 -0.736436 0.641678 7.342988 8147 8253
-0.213603 -0.935142 0.282635 5.151347 8159 8189
-0.761341 0.596016 0.255196 15.458870 8180 8246
0.743684 -0.667818 0.030870 6.540841 8210 8211
-0.643948 0.764936 0.014310 16.717876 8221 8251
-0.651987 0.725049 0.221847 10.723483 8229 8261
-0.800058 0.584890 0.133458 8.905258 8261 8266
