-0.604683 0.680281 0.414217 19.051643 2 150
-0.078301 0.504764 0.859699 19.623427 3 391
-0.604408 0.743944 0.285023 23.441811 16 232
-0.671912 -0.113410 0.731897 21.006649 25 586
0.486709 0.751168 -0.445938 12.875269 49 68
-0.244502 0.323414 0.914124 25.744651 49 1328
0.976927 0.152872 0.149143 9.814397 59 62
-0.305715 -0.614261 0.727476 34.419435 66 833
-0.253198 -0.644185 0.721745 25.968614 67 442
0.187640 -0.388016 0.902349 13.362791 70 451
-0.932427 -0.266434 0.244116 16.410278 72 138
-0.264007 0.260735 0.928611 25.285471 80 1124
-0.682782 -0.088984 0.725183 14.268388 90 398
0.536222 -0.405275 0.740418 48.558915 103 313
-0.176142 -0.372937 0.910984 14.108270 110 468
0.557847 -0.710783 -0.428478 20.941472 111 172
-0.586581 0.772842 0.242151 20.150636 133 328
-0.066967 -0.110848 0.991579 15.916549 134 638
-0.100995 -0.554137 0.826276 14.279267 136 585
0.359781 0.365075 0.858649 15.043533 139 980
0.289613 0.369035 0.883141 17.147628 140 586
-0.319323 0.071506 0.944944 10.439811 141 543
-0.304876 -0.412406 0.858471 34.206667 142 176
-0.915299 0.110137 -0.387423 16.342573 144 545
0.182164 0.038112 0.982529 16.339693 144 877
0.282161 0.760783 -0.584461 4.889696 146 147
0.497776 -0.073891 0.864152 27.052853 160 1813
-0.466511 -0.213961 0.858247 15.465524 167 791
-0.661434 -0.311731 0.682151 13.621877 172 694
-0.531283 0.136153 0.836182 11.512679 173 767
0.555540 0.393534 0.732466 37.201574 174 176
0.880551 0.123383 -0.457610 39.181782 176 591
0.708534 -0.541668 -0.452300 36.693276 176 646
-0.218765 0.090054 0.971613 33.969338 176 2828
0.380108 -0.196410 0.903848 37.122119 176 2904
0.050086 -0.362833 0.930507 22.568394 181 1168
0.687498 -0.110563 0.717720 20.812908 187 1072
0.371455 -0.926676 0.057386 13.104485 198 254
0.185501 0.509845 0.840028 35.071307 203 2898
-0.720715 0.195110 0.665208 56.070794 203 2944
-0.731548 0.539188 0.417269 28.719250 232 698
-0.156313 -0.354845 0.921765 21.706989 232 1169
0.546319 -0.324247 0.772269 20.486804 234 1572
-0.915881 0.349503 0.197507 35.587516 241 488
0.155311 -0.339891 0.927552 11.946648 255 759
0.490680 -0.718019 0.493641 25.326349 258 926
-0.817273 0.304393 0.489295 11.360518 264 483
-0.502821 -0.731030 0.461266 6.417378 289 419
-0.581426 -0.650338 0.488880 12.197694 292 760
0.058269 -0.319119 0.945921 23.484347 296 1399
0.021168 -0.168940 0.985399 23.162844 301 1405
0.170286 -0.975939 -0.136183 60.518340 313 1632
0.058236 0.991701 -0.114620 8.071705 317 318
-0.253801 -0.694444 0.673300 9.034420 317 562
-0.462401 0.741238 0.486572 12.605076 321 514
-0.738360 0.599954 -0.308024 30.404822 336 701
0.600521 -0.018219 0.799401 20.419711 339 1272
-0.752083 0.628090 -0.199684 10.631816 341 441
-0.168671 0.777431 0.605930 6.752468 346 601
0.696350 -0.663428 -0.273788 18.801939 356 359
0.471882 0.656268 0.588761 16.466577 356 1419
-0.700450 0.150554 0.697642 27.696277 356 1743
-0.708485 0.685415 0.168097 6.578515 372 418
-0.833530 -0.471636 0.287728 5.953480 375 476
-0.534883 0.844852 0.011156 23.704372 377 427
-0.420038 0.348509 0.837920 39.806781 388 1846
-0.046658 0.839061 0.542033 7.397361 405 659
-0.222233 0.706284 0.672142 25.262287 407 1390
-0.116636 0.577857 0.807760 26.211536 417 1522
-0.560202 -0.826177 -0.060037 35.654836 423 691
0.309274 -0.538167 0.784044 24.631069 423 2181
0.395483 0.561984 0.726476 33.998207 423 2405
0.081046 0.129730 0.988232 26.776105 423 2476
0.232113 -0.731472 0.641149 26.530919 442 1626
0.703847 -0.017858 0.710127 16.876735 443 1125
-0.122723 -0.241632 0.962576 12.674235 444 1125
0.516468 -0.122933 -0.847436 14.190118 447 708
-0.790992 0.584323 -0.181382 27.650183 447 938
-0.797205 -0.446357 0.406485 8.499012 466 624
-0.274614 0.182463 0.944084 16.406445 468 1201
-0.435710 0.894076 -0.103848 34.480269 481 926
-0.588144 0.557269 0.586121 45.091188 481 2222
0.317822 0.013356 0.948056 12.254154 482 1264
-0.985585 -0.163305 -0.044202 22.991058 488 593
0.836043 -0.491199 0.244449 27.298474 488 937
0.521429 -0.602608 0.604131 15.435543 494 985
0.975899 -0.202512 -0.081297 23.462844 500 892
-0.022548 0.382947 0.923495 23.976980 500 1130
-0.338940 -0.164626 0.926292 14.642892 513 1247
-0.386551 0.441050 -0.809971 39.879379 518 683
-0.751621 0.202761 -0.627658 28.805573 518 1196
0.267050 -0.776788 -0.570337 31.901557 518 1394
0.577801 -0.303507 0.757648 36.797191 518 3214
0.268269 -0.120062 0.955833 34.035596 518 3494
0.258367 0.230566 0.938129 35.179977 518 3495
0.084465 -0.560374 0.823921 48.870841 518 3650
-0.893904 0.394260 -0.213296 18.944718 520 1302
-0.008363 0.212560 0.977112 14.854028 524 1357
-0.688625 0.611055 0.390394 34.392981 526 1686
0.715493 -0.538491 0.445080 32.162996 534 1312
-0.464836 0.530016 0.709233 23.754322 540 1443
0.325886 0.166286 0.930670 17.543607 548 1369
0.985527 0.136389 0.100667 6.418159 554 987
0.306666 0.006155 0.951797 37.247165 554 1335
-0.253597 -0.627912 0.735809 14.953820 575 1156
0.124179 -0.006807 0.992237 17.825977 586 1571
0.932132 -0.274087 0.236658 29.346547 595 880
-0.786902 -0.003003 0.617071 25.961588 598 1368
0.623701 0.093845 0.776009 18.613671 603 1330
0.655684 -0.515335 0.551822 16.143140 618 1191
-0.289189 -0.947416 0.137016 15.839423 623 745
0.496080 -0.558860 0.664515 21.891813 624 1011
-0.578382 -0.001249 0.815765 17.379900 625 1200
0.373491 -0.547616 0.748746 18.853716 625 1355
-0.212392 -0.432302 0.876359 16.044897 630 1306
0.026425 -0.192683 0.980905 31.514766 651 1811
0.505584 -0.080152 0.859046 28.382604 652 787
0.065452 0.933261 0.353186 48.894081 654 1632
-0.375575 -0.284879 0.881923 5.944025 661 995
-0.972133 0.190829 0.136165 11.385850 665 803
-0.903523 0.238262 0.356199 17.461116 674 1004
-0.627347 0.247791 0.738265 16.330368 674 1246
-0.038191 0.031829 0.998763 16.993538 688 1434
0.078056 0.966412 0.244858 15.837612 689 1058
-0.665368 0.060791 0.744036 29.740631 691 2179
-0.018835 -0.097802 0.995028 25.088109 692 1838
0.637705 -0.489682 0.594596 30.130048 702 1696
0.224268 -0.944023 -0.241917 10.642154 708 709
0.521965 -0.826526 0.210732 10.423848 708 836
0.522719 0.244890 0.816574 5.842891 709 836
0.555722 -0.474082 0.682948 22.668148 710 1331
0.138347 -0.860023 0.491142 33.440164 717 1498
-0.159240 0.546757 0.822009 9.797845 733 997
0.623839 -0.633229 0.458090 25.844204 736 1391
0.192392 -0.644508 0.739996 27.941654 750 972
-0.263684 0.174569 0.948682 8.600737 751 1104
-0.207658 0.369127 0.905883 22.748163 752 972
-0.231314 0.965650 0.118381 25.507305 753 862
0.726544 -0.418701 0.544815 21.493299 763 1443
-0.460505 -0.148188 0.875200 35.552467 769 2087
-0.419767 -0.238698 0.875682 11.287717 774 1123
0.265633 -0.202126 0.942647 25.517777 780 1942
0.312918 0.949701 0.012215 12.026877 784 785
0.843635 -0.352090 0.405354 23.608975 787 2106
-0.805519 0.395469 0.441298 43.006287 787 2686
0.009426 -0.053306 0.998534 28.377797 787 3005
0.158878 0.859713 0.485439 15.490304 789 1132
0.701487 -0.554509 0.447700 27.399638 797 1380
0.827631 0.274701 0.489455 17.712239 801 1289
0.871631 -0.448551 0.197637 12.818719 806 807
-0.020944 0.337284 0.941170 22.587386 809 1780
-0.196723 0.561915 0.803462 16.241772 812 1515
-0.416862 0.885080 0.207026 22.712499 813 962
-0.426893 -0.318318 0.846426 16.020493 814 1473
0.124370 0.956026 0.265607 28.381373 827 1399
-0.894865 -0.441141 0.067902 28.906370 833 1168
-0.841700 0.225242 0.490721 25.272660 833 1693
0.684276 -0.452964 0.571480 27.429247 833 1805
0.195099 -0.445854 0.873585 36.797667 833 2535
-0.426361 0.456934 0.780658 23.491672 835 1628
-0.442195 -0.170900 0.880487 24.612673 843 1585
-0.310051 0.105331 0.944867 7.658681 850 1240
-0.895190 0.242251 0.374098 18.255787 879 1272
-0.545383 0.128444 0.828287 31.375999 880 1699
0.465015 -0.456330 0.758633 16.109545 882 1490
-0.861156 0.185745 0.473190 22.701937 887 1415
-0.380230 0.365106 0.849778 25.490516 892 1636
0.303019 0.097699 0.947963 10.165842 906 1425
-0.427515 -0.847945 0.313400 14.440068 922 1059
0.065983 0.416158 0.906895 31.631091 924 2985
-0.352249 -0.174646 0.919467 32.638054 926 2222
0.731398 0.010601 0.681868 34.923363 931 1846
-0.099681 -0.075244 0.992170 42.598176 945 2804
-0.527045 0.781104 0.334815 19.031016 960 1298
-0.156142 -0.650422 0.743351 15.104719 961 1515
-0.185965 0.979567 0.076593 34.675755 963 1470
-0.561531 0.560650 0.608567 26.742092 966 1786
0.384752 -0.809857 -0.442828 32.940109 972 1105
0.360203 -0.179575 0.915427 26.983205 972 2658
-0.312963 -0.944668 0.098264 33.059222 979 1114
0.144876 -0.018364 0.989279 35.182836 987 1335
0.540725 0.033770 0.840521 8.650294 990 1278
-0.583060 0.555587 0.592760 16.427784 990 1375
0.687832 -0.014151 0.725732 8.042242 1004 1246
0.258436 0.531534 0.806649 13.258221 1006 1516
-0.732205 -0.382631 0.563444 13.849742 1021 1367
0.103251 -0.058575 0.992929 4.254259 1022 1171
0.371132 -0.909903 0.185302 13.602459 1025 1070
-0.132529 -0.675529 0.725325 16.250292 1031 1590
-0.147868 -0.197714 0.969043 5.062099 1046 1469
-0.893306 -0.098437 0.438537 15.851331 1048 1516
0.287882 0.199041 0.936753 20.364914 1052 1832
-0.367310 0.616205 -0.696688 23.763415 1053 1104
-0.095876 0.921673 0.375936 3.303139 1053 1720
-0.952100 0.209540 0.222708 34.361523 1053 2171
0.070038 0.987166 0.143517 21.909523 1060 1360
0.072267 -0.261280 0.962554 26.756055 1060 1835
-0.566630 -0.200043 0.799320 17.820655 1075 1672
-0.972735 0.003280 -0.231898 26.359516 1083 1232
0.681077 0.062240 0.729562 22.919495 1083 2251
-0.189754 -0.715391 0.672464 23.619918 1089 1748
-0.065896 0.573899 0.816270 24.482860 1089 1956
-0.193619 0.430282 0.881685 14.687718 1099 1682
-0.325777 -0.097101 0.940447 23.988169 1100 2168
-0.053241 -0.080560 0.995327 17.666292 1103 1830
-0.380417 -0.209683 0.900731 27.680597 1108 1305
0.530615 -0.459933 0.711976 19.187025 1123 1808
0.935153 -0.314765 -0.162515 14.698918 1130 1636
-0.315781 0.420880 0.850378 37.307137 1152 2318
-0.404775 -0.201239 0.891998 40.538911 1170 2716
-0.401857 -0.585818 0.703796 27.950373 1172 1729
0.837393 -0.079260 0.540824 32.213283 1172 1854
0.260178 -0.130775 0.956664 17.717812 1173 1982
-0.620664 -0.650572 0.437643 12.498481 1175 1409
-0.053127 -0.088781 0.994633 20.900759 1175 1940
-0.390137 0.465056 0.794680 31.900094 1181 1673
-0.600993 0.276241 0.749999 18.635100 1183 1818
-0.065054 -0.523600 0.849477 33.603698 1189 2392
-0.365388 0.104554 0.924965 24.821571 1197 2032
0.155475 -0.604591 0.781215 13.704793 1201 1788
-0.422194 0.324217 0.846544 13.984764 1201 1831
0.572559 -0.476122 0.667445 6.437078 1204 1359
-0.242960 -0.000646 0.970036 16.626887 1222 1769
0.292540 -0.539038 0.789847 33.661026 1224 2686
-0.468547 0.061210 0.881315 31.699772 1233 1908
0.414647 -0.806783 0.420914 26.060320 1237 1382
-0.010879 -0.609837 0.792452 33.774001 1261 2370
-0.601603 -0.160345 0.782536 21.813197 1271 1846
-0.421630 -0.278438 0.862960 23.222461 1277 2102
0.305308 -0.384478 0.871185 25.885393 1280 2242
-0.392958 -0.273520 0.877935 28.878621 1290 2389
-0.630875 0.662496 0.403851 7.401737 1295 1646
0.025487 0.080678 0.996414 25.730427 1297 2463
-0.313759 0.928026 0.200808 18.350900 1301 1430
0.172770 0.097736 0.980101 24.876846 1309 1439
0.455068 0.172180 0.873652 17.329104 1310 1934
0.214471 -0.413278 0.884988 34.948708 1328 2582
-0.289643 -0.093302 0.952576 20.867554 1330 2098
0.642604 0.328252 0.692323 41.569382 1335 3246
0.227963 -0.704045 0.672572 37.001706 1337 1673
-0.490235 -0.647358 0.583607 9.859980 1338 1582
0.590946 -0.609385 0.528614 11.383344 1338 1583
-0.211126 0.327062 0.921117 19.309505 1343 2027
-0.685118 0.708609 0.168780 15.774660 1349 1467
0.327727 -0.943946 0.039512 17.889259 1352 1430
-0.165782 -0.440509 0.882308 24.262195 1355 2077
0.758588 -0.599218 0.255896 32.781871 1360 1658
0.096902 0.013657 0.995200 28.615769 1367 2291
-0.188517 0.263261 0.946126 21.698542 1369 2297
-0.964818 0.061792 0.255555 29.526895 1371 1733
-0.462267 0.407099 0.787768 28.553418 1380 1712
0.716525 -0.396260 0.574081 44.648208 1382 2777
-0.621876 0.269923 0.735128 31.279793 1390 2312
-0.784973 0.587015 -0.198068 12.105797 1392 1428
0.316033 -0.858810 0.403198 17.940770 1396 1686
-0.922845 -0.182366 0.339265 26.706744 1405 1845
-0.343742 0.713387 0.610672 10.547773 1406 1697
-0.877734 0.372255 0.301676 14.005278 1411 1575
0.123190 -0.958835 0.255849 33.962361 1412 2196
0.038872 -0.613315 0.788881 32.235686 1412 2959
0.637414 -0.737530 -0.223052 6.166852 1416 1539
0.406243 -0.232738 0.883629 41.221742 1420 2974
0.289967 -0.938585 -0.187020 15.997461 1421 1508
0.288561 -0.919224 0.267880 35.058876 1434 1931
0.244915 -0.419264 0.874205 23.998598 1439 3325
-0.381708 0.170259 0.908466 26.537727 1439 3453
-0.639524 0.289863 0.712031 23.624095 1444 2082
0.100048 -0.602618 0.791734 37.759620 1448 2793
-0.566432 -0.106764 0.817164 13.409017 1452 1854
0.183356 0.663661 0.725214 14.107285 1456 1708
-0.711926 0.479928 0.512669 16.779922 1467 1826
0.354005 -0.742548 0.568597 8.980600 1469 1604
-0.812384 0.481321 0.329183 24.879707 1509 1993
-0.221528 0.916832 0.332181 19.818837 1512 1826
-0.067468 -0.153014 0.985918 6.718602 1524 1759
-0.157410 0.013881 0.987436 14.552253 1563 2219
-0.812197 0.577347 0.083704 45.213088 1574 1625
0.802584 -0.270956 0.531452 33.782128 1574 3053
-0.521061 -0.341191 0.782358 22.103914 1578 2239
0.684044 -0.290043 0.669298 26.445973 1585 2774
-0.805669 0.239119 0.541959 41.069873 1585 2964
-0.407971 0.402625 0.819422 33.568331 1585 3245
-0.886277 0.336643 0.318096 23.488190 1596 1820
-0.052681 -0.456413 0.888207 23.069918 1596 1992
-0.186530 0.633226 0.751153 7.857826 1598 1873
0.758983 0.220754 0.612546 22.255274 1602 2258
-0.010393 -0.860219 0.509819 15.701604 1603 1958
-0.469873 0.261082 0.843241 16.289414 1609 2213
-0.247939 -0.401779 0.881533 17.885971 1615 2284
-0.949991 0.151163 0.273254 20.678277 1620 2047
0.546909 -0.763783 0.342821 10.162988 1624 1763
-0.358355 -0.554069 0.751391 20.327423 1648 2258
0.306040 -0.748958 0.587709 19.603036 1651 2122
0.303091 0.184408 0.934949 15.806919 1655 2218
-0.536395 0.737000 0.411231 31.139196 1657 1835
-0.580090 0.667742 0.466494 13.633719 1660 1933
-0.221028 -0.785203 0.578449 20.852280 1662 2139
0.515315 -0.827962 0.221200 42.559321 1673 2551
0.106281 -0.827090 0.551930 14.872323 1681 1959
-0.842198 -0.334181 0.423113 25.749329 1694 1893
0.120931 -0.192261 0.973864 16.188565 1699 2148
-0.050320 0.331457 0.942127 20.354892 1704 2586
-0.696363 0.712260 0.088110 24.064059 1712 2427
0.280703 -0.356229 0.891239 24.072162 1712 3252
-0.083881 -0.256885 0.962795 16.245891 1714 2386
-0.583592 0.778806 0.229959 21.011367 1728 1846
-0.214015 -0.680917 0.700392 14.468116 1728 2228
0.920268 -0.214405 0.327318 20.602366 1729 2231
0.685835 -0.404138 0.605229 30.241045 1733 2544
-0.745780 -0.078119 0.661596 37.198028 1733 2833
0.160439 -0.489457 0.857141 18.201835 1747 2387
0.408779 -0.789517 0.457781 20.429555 1749 1917
-0.466123 -0.140591 0.873478 17.349896 1755 2439
0.066776 -0.000344 0.997768 12.489248 1759 2280
-0.529592 0.844963 0.074632 15.172130 1788 1831
0.962465 0.066616 0.263104 15.696855 1795 1977
-0.118591 0.523642 0.843644 13.449521 1796 2285
0.020553 0.141933 0.989663 12.094284 1807 2230
-0.382159 0.373983 0.845039 14.576097 1808 2232
0.189774 -0.640369 0.744254 24.119911 1810 2633
-0.011510 -0.229811 0.973167 18.095300 1817 2805
-0.475109 0.590591 0.652283 36.394576 1824 2777
0.180006 0.261654 0.948227 17.776958 1827 2606
-0.658342 -0.371987 0.654378 18.485100 1834 2403
0.409932 -0.285539 0.866270 29.332194 1834 2821
0.813019 -0.167373 0.557662 12.577569 1848 2228
0.182440 -0.465872 0.865840 17.051939 1852 2489
-0.205505 0.081949 0.975219 18.278480 1854 2627
0.046877 -0.541936 0.839111 17.111746 1860 2458
-0.187903 0.300891 0.934964 16.785213 1866 2592
-0.342246 0.550367 0.761554 26.996357 1888 1889
-0.385652 0.457407 -0.801281 27.121194 1889 1935
-0.432189 0.707174 0.559569 29.811951 1911 2593
0.632012 -0.745072 -0.213140 27.310491 1919 1920
0.226226 -0.671351 0.705769 19.949145 1919 2745
-0.120633 -0.336530 0.933914 19.206786 1921 2605
-0.436770 0.349705 0.828818 21.213545 1933 2666
0.503482 -0.828889 0.243819 9.189213 1936 2406
-0.344409 0.860440 0.375533 26.672067 1936 2897
0.042263 -0.244823 0.968646 28.459071 1944 3242
0.364376 -0.392971 0.844277 14.296834 1951 2646
0.979304 0.142319 0.143905 38.939378 1955 1997
-0.157914 0.692017 0.704397 22.490014 1965 2609
-0.349050 -0.893567 0.282316 21.588736 1968 2218
-0.727766 0.259911 0.634668 20.012411 1968 2471
0.481531 -0.340587 0.807544 26.689260 1970 2946
0.194158 -0.241019 0.950901 19.566644 1981 3749
-0.552378 0.405240 -0.728463 24.307496 1983 2232
0.831915 0.415468 -0.367837 12.966765 1983 2955
-0.828245 -0.168630 0.534392 26.698270 1983 3713
0.019822 0.393922 0.918930 25.300576 1983 4090
0.160600 0.858074 0.487767 11.444992 1987 2304
0.257797 -0.836463 0.483601 14.280203 1988 2305
-0.591475 0.365801 0.718573 31.489123 1990 2918
-0.365291 -0.747116 0.555321 19.620735 1992 2846
0.365230 -0.261685 0.893380 24.208995 1992 3393
0.811848 -0.212084 0.543988 19.315683 1997 2648
0.475193 -0.028388 0.879424 33.909347 1999 2933
-0.434481 -0.256181 0.863480 9.926091 2001 2400
0.041835 -0.311690 0.949262 25.599242 2002 3216
-0.382002 -0.006638 0.924138 26.678231 2007 2991
0.647115 0.260927 0.716352 17.632538 2011 2580
0.899180 0.420205 0.122083 19.897523 2013 2054
-0.264796 -0.668738 0.694747 11.048291 2013 2234
-0.481704 0.393012 0.783264 13.725212 2017 2546
0.302725 0.117629 0.945791 13.021216 2020 2550
0.635433 -0.748657 0.189043 16.939344 2023 2204
0.280851 -0.574291 0.768969 21.376664 2027 2694
0.340916 -0.802015 0.490458 17.149631 2039 2476
0.208550 -0.583093 0.785181 24.552342 2046 2763
0.193316 -0.968270 0.158374 6.126388 2050 2094
-0.102040 -0.405864 0.908219 18.332578 2053 2629
-0.345563 -0.485538 0.803019 20.427246 2054 2799
-0.458047 -0.543861 0.703142 32.577578 2056 2913
-0.679851 0.001514 -0.733348 19.964709 2064 2203
0.589544 -0.256089 0.766066 26.807756 2064 3808
-0.824294 0.238835 0.513319 19.904034 2066 2504
0.571352 -0.057250 0.818706 7.640513 2068 2348
-0.431340 0.223886 0.873969 16.254743 2071 2650
-0.021490 -0.659889 0.751055 18.739340 2077 2784
-0.270396 -0.455244 0.848315 16.550758 2081 3088
-0.929326 0.062804 0.363881 27.913776 2085 2481
0.827787 -0.109876 0.550178 19.757279 2088 2574
0.485147 -0.818969 0.306468 16.649688 2105 2340
0.176176 -0.303766 0.936316 10.242306 2107 2548
0.236407 0.782323 0.576266 10.345478 2121 2350
-0.630071 0.301963 0.715422 28.748462 2124 3166
0.512956 0.391973 0.763697 15.653274 2132 2709
-0.194642 0.232228 0.952987 10.302949 2138 2409
-0.521391 -0.022370 0.853025 15.206326 2147 2764
-0.299040 -0.501092 0.812085 3.084970 2148 2720
-0.222879 0.016995 0.974698 16.130162 2152 2726
0.934656 0.032597 -0.354056 10.554902 2159 2160
-0.078713 -0.234123 0.969015 15.420310 2164 2879
0.741600 -0.169562 0.649059 23.726809 2167 2852
-0.318462 -0.105148 0.942086 37.227323 2168 3261
0.527896 -0.245036 0.813193 47.431304 2171 3897
0.161921 -0.179852 0.970276 9.081966 2175 2440
-0.286856 0.880908 0.376450 18.990963 2181 2476
0.533092 0.839736 0.103229 15.033978 2183 2282
-0.938124 0.119737 0.324942 9.125454 2186 2325
0.015315 -0.428717 0.903309 31.676024 2211 3552
0.138673 -0.059355 0.988558 24.381881 2213 3357
-0.267016 0.930439 0.250969 26.323512 2218 2471
0.368283 -0.438685 0.819710 16.087032 2220 2754
-0.204791 -0.283203 0.936940 25.894645 2222 3364
0.456190 -0.829692 0.321718 20.550842 2223 2524
-0.518671 0.752378 0.406088 17.867157 2230 2577
0.015339 0.971318 0.237288 14.456785 2231 2419
-0.478954 -0.589706 0.650269 22.579081 2249 3014
-0.168939 -0.055276 0.984075 22.014225 2257 3122
0.664350 -0.492026 0.562627 16.512099 2263 2748
0.172741 0.423166 0.889433 16.637909 2271 3032
-0.362945 -0.485370 0.795416 33.185582 2290 3228
-0.300984 -0.214816 0.929119 29.488604 2291 3834
-0.106433 -0.637898 0.762731 19.665987 2299 2957
0.159299 0.352564 0.922129 21.359038 2323 3411
0.996693 -0.007991 -0.080863 16.595659 2330 2680
0.066935 0.327252 0.942563 30.488076 2330 3949
-0.018178 -0.550434 0.834680 22.377636 2339 3050
-0.558347 0.014921 0.829473 19.940871 2343 3108
-0.669700 -0.281699 0.687130 24.376874 2347 2877
0.367198 -0.472692 0.801079 34.272703 2347 3538
0.050958 -0.546126 0.836152 19.159015 2351 2979
-0.055151 -0.803128 0.593249 17.082372 2353 2782
0.381064 -0.236971 0.893664 27.197758 2354 3165
-0.600382 0.656171 0.457145 19.629045 2358 2704
0.234052 0.320609 0.917840 34.623849 2365 2442
0.294958 0.481291 0.825444 22.442057 2369 3042
0.121346 -0.214161 0.969232 20.795341 2390 3306
0.477871 -0.365936 0.798580 34.566865 2394 3261
0.475737 0.120069 0.871354 25.290234 2406 3657
-0.427532 0.462706 0.776608 30.959264 2408 3367
-0.363326 0.690358 0.625620 6.478751 2415 2531
0.365295 0.689570 0.625342 11.703340 2420 2835
-0.111915 -0.029015 0.993294 12.717931 2420 2953
-0.882243 0.133604 0.451440 40.286438 2423 3098
-0.989271 -0.079463 0.122588 49.542561 2425 2631
-0.469931 0.688413 0.552497 30.795783 2427 3199
-0.167572 0.819458 -0.548094 41.073218 2442 2788
-0.007876 -0.981868 -0.189400 42.576741 2442 3218
-0.389637 0.861392 0.325863 38.825920 2442 4372
-0.522955 0.359307 0.772928 42.454029 2442 5322
-0.342569 -0.141424 0.928787 41.027408 2442 5504
0.267780 -0.237356 0.933786 20.504148 2443 3404
0.474032 -0.873253 0.112798 29.966961 2455 2582
0.612928 -0.606862 0.506001 26.142774 2458 2732
-0.483983 -0.065554 0.872619 13.423710 2460 3009
0.302575 -0.901577 0.309206 34.119531 2464 2937
-0.211808 0.737481 0.641295 21.989159 2476 3087
-0.460041 0.166400 0.872166 11.813660 2482 2989
0.032749 -0.041251 0.998612 22.114817 2484 3565
0.703262 0.200912 0.681951 13.330624 2489 3097
-0.660614 -0.149083 0.735774 26.044638 2492 4619
-0.089880 -0.137642 0.986396 25.196011 2492 4854
-0.218195 -0.962180 -0.163095 8.877301 2509 2602
-0.860650 0.262303 0.436439 13.689438 2509 2880
-0.579060 -0.143537 0.802550 8.980249 2509 2930
-0.581964 0.781349 0.225417 28.842767 2512 2813
0.488954 -0.750952 0.443841 18.848519 2512 2882
-0.185686 -0.387604 0.902931 19.213415 2513 3161
0.243933 0.885688 0.395035 18.999363 2520 2819
-0.388998 0.885667 0.253523 27.720395 2524 2862
-0.361647 0.553650 0.750122 19.893110 2529 3176
0.686008 0.014155 0.727457 28.407171 2538 3052
0.908468 -0.320222 0.268594 17.951054 2546 2730
0.525142 -0.494624 0.692512 14.467516 2551 2775
0.087587 -0.789458 0.607523 23.074976 2554 3157
-0.222878 -0.616224 0.755376 16.996348 2560 3126
-0.310978 0.626526 0.714674 26.393839 2581 3052
-0.222867 0.372300 0.900957 11.235947 2591 3010
-0.135884 -0.098693 0.985797 12.821557 2602 2851
0.236055 -0.608483 0.757646 10.099124 2604 2932
0.652585 -0.645627 0.396610 29.155399 2610 3170
-0.636419 -0.028306 0.770824 24.836714 2613 3031
-0.374979 0.867542 0.326744 21.816160 2617 2757
0.245562 -0.752437 0.611177 8.520536 2619 2715
-0.380947 0.907359 0.177705 19.891514 2631 2801
0.434065 -0.778349 0.453609 34.959723 2631 3293
0.414444 0.388358 0.823052 10.664380 2632 2961
0.108126 -0.503379 0.857274 21.353374 2636 3003
-0.848136 0.529288 0.022811 14.388926 2637 2729
0.938435 0.312218 0.147850 34.900233 2641 3017
-0.025943 0.266765 0.963412 16.750152 2641 3532
-0.201868 0.966278 0.159865 9.308484 2651 2700
0.918691 -0.361371 0.159431 7.409557 2651 2701
0.553211 -0.712690 0.431314 21.127001 2655 2657
-0.654275 0.166330 0.737739 15.121602 2655 3127
-0.773376 0.629705 0.073227 27.905418 2657 3127
-0.326105 -0.891489 0.314488 24.183740 2658 3080
0.277040 -0.144882 0.949873 20.886604 2664 3557
0.884990 -0.058828 0.461878 16.311170 2672 2902
0.577425 -0.545179 0.607750 32.346398 2686 3477
-0.030165 -0.753079 0.657238 16.951515 2698 3160
-0.249430 -0.335834 0.908296 16.851007 2699 3257
-0.626052 -0.356850 0.693337 27.233805 2706 3261
-0.251397 0.473121 0.844367 16.819759 2708 3359
0.268638 0.507131 0.818933 16.777564 2711 3085
0.158262 0.166315 0.973290 15.345992 2713 3276
-0.202950 -0.085543 0.975445 21.536494 2718 3664
-0.366311 -0.667379 0.648400 20.255146 2722 3049
-0.438401 0.225360 0.870067 25.165964 2732 4304
0.856215 0.161228 0.490816 15.717585 2736 2968
-0.405705 0.583264 0.703709 30.550654 2748 3261
-0.871493 0.460356 -0.169033 18.121950 2757 2824
0.424558 -0.734694 0.529127 24.836825 2765 3332
-0.710464 -0.107887 0.695414 30.273039 2767 3785
0.395839 -0.915303 -0.074378 14.583228 2770 2803
0.434012 -0.322747 0.841111 48.414357 2777 4644
0.584079 -0.649042 0.487438 24.324375 2786 3318
0.269344 -0.475108 0.837691 17.810328 2789 3407
-0.445524 -0.500517 0.742288 29.473304 2790 4656
0.690103 0.540270 0.481526 5.957846 2792 2905
-0.540184 -0.151984 0.827709 17.647280 2820 3557
0.042816 -0.203849 0.978066 18.257861 2821 3697
0.465407 -0.675122 0.572369 31.907336 2821 4287
-0.879259 0.366646 0.304097 41.168276 2822 3318
-0.216339 0.778807 0.588776 29.881197 2822 3558
0.004374 0.202997 0.979170 14.680590 2824 3503
0.326771 -0.310826 0.892529 22.862102 2838 3922
-0.017861 -0.590579 0.806782 23.153331 2844 3677
0.281282 -0.877584 0.388235 8.076285 2849 2975
-0.159655 0.894179 -0.418276 9.526026 2851 2930
-0.147425 -0.576609 0.803610 6.669784 2873 3251
-0.315719 0.409772 0.855809 41.158177 2877 3063
0.794361 -0.588951 0.148752 8.285533 2880 2930
0.406169 -0.391313 0.825773 29.858095 2881 4601
-0.398526 -0.550699 0.733422 27.607398 2882 3770
0.624572 -0.120007 0.771692 8.555970 2886 3076
-0.242076 0.516790 0.821174 10.131022 2892 3321
-0.639138 0.225225 0.735375 25.472361 2906 3747
-0.896807 -0.158629 0.413005 32.324373 2913 3758
-0.103212 -0.191642 0.976023 14.620393 2932 3646
0.679815 -0.727329 0.094041 36.002430 2933 3397
0.139029 -0.657983 0.740087 13.862380 2936 3547
-0.137418 0.813199 0.565529 34.022129 2937 3735
0.576793 -0.685602 0.444139 30.402119 2943 4285
0.253501 -0.960699 0.113113 27.768398 2944 3404
-0.158158 0.513341 0.843485 18.674785 2944 3901
0.516419 -0.125754 0.847052 31.875330 2944 4374
-0.550654 -0.106893 0.827861 41.707760 2944 4761
-0.610864 0.619176 0.493423 19.426602 2947 3273
0.882261 -0.203795 0.424363 26.328948 2949 3565
-0.139512 -0.989275 -0.043255 10.761346 2950 3046
-0.634627 -0.302841 0.711010 18.031689 2952 3511
-0.336051 0.198008 0.920795 20.698568 2952 3839
-0.453542 -0.682908 0.572658 33.736127 2953 3755
-0.318151 0.144131 0.937020 17.352639 2961 3667
-0.222438 -0.583850 0.780795 22.634719 2965 3844
-0.819823 0.101319 0.563582 15.554772 2968 3391
-0.410024 0.155433 0.898733 56.185642 2974 5125
-0.197376 -0.087418 0.976422 37.565092 2976 3063
0.386945 -0.357780 0.849863 28.373533 2979 3488
-0.562395 -0.096550 0.821213 23.100535 2996 3838
-0.270448 0.424569 0.864060 25.828711 3004 3879
0.568403 -0.623946 0.536292 30.106266 3005 3761
-0.304304 0.844519 0.440665 11.442432 3020 3258
-0.097710 -0.900774 0.423153 20.331671 3025 3165
0.117530 0.937916 0.326344 16.546834 3035 3083
-0.238798 0.373985 0.896164 19.044008 3045 3871
-0.317010 0.016994 0.948270 10.043532 3051 3428
-0.994340 -0.105238 -0.014585 31.260318 3052 3336
-0.798837 -0.455205 0.393253 28.007923 3052 3913
0.003998 -0.444606 -0.895717 29.295677 3063 3443
-0.174121 0.723317 -0.668202 31.165582 3063 3729
0.614642 -0.336160 0.713590 54.647252 3063 6294
-0.278586 0.137771 0.950478 40.311389 3063 6339
0.423324 -0.060023 0.903988 33.905247 3068 4018
0.044456 0.375669 0.925687 26.613183 3076 3491
-0.530544 -0.212114 0.820689 21.068691 3077 3650
0.332569 -0.942521 -0.032422 24.255463 3078 3080
0.560362 -0.659435 0.501139 24.375589 3086 3654
-0.552628 0.274439 0.786947 23.985892 3086 4023
-0.582436 0.414563 0.699218 22.178543 3093 3908
-0.566877 0.682589 0.461219 32.659705 3094 3838
0.387627 -0.595113 0.703978 12.572379 3097 3382
-0.201612 0.226704 0.952868 11.407567 3097 3624
-0.430789 -0.598079 0.675813 39.512861 3121 5127
0.203237 -0.050719 0.977815 17.947033 3124 3855
-0.208559 -0.147361 0.966844 14.092068 3126 3818
-0.845386 0.309624 0.435265 40.008401 3128 3932
0.402395 -0.513719 0.757741 39.245233 3128 4516
-0.249245 0.154553 0.956028 38.465896 3128 4794
-0.206723 0.479409 0.852897 19.859057 3132 3452
-0.544293 -0.126435 0.829313 12.553571 3152 3723
-0.566002 0.467218 0.679226 17.382125 3155 3677
-0.336308 0.940353 0.051310 21.365804 3165 3398
-0.209701 0.883504 0.418863 35.827805 3165 3488
0.205598 -0.604193 0.769858 24.798299 3165 4279
0.020063 0.261528 0.964987 29.433140 3165 4699
-0.332887 -0.339030 0.879912 32.449146 3167 4318
-0.239270 0.177043 0.954676 12.955793 3169 3821
0.939425 -0.336789 0.063678 16.358360 3190 3236
-0.725801 0.173247 0.665732 34.060122 3190 4396
-0.198572 0.339348 0.919463 46.914662 3190 5477
-0.319070 0.187689 0.928960 6.822829 3197 3523
-0.704436 -0.180965 0.686310 13.210653 3204 3641
-0.059492 0.509694 0.858296 16.737403 3204 3851
0.831639 -0.365054 0.418463 16.843356 3208 3599
-0.264520 -0.318515 0.910262 27.260098 3216 4244
-0.017722 -0.999828 0.005544 17.318539 3220 3276
-0.866611 0.084946 0.491700 6.411211 3221 3368
0.382741 -0.041174 0.922938 17.309838 3225 3618
-0.258173 0.743621 0.616745 16.940217 3234 3753
0.986197 0.162776 0.030327 28.240247 3239 3293
-0.692672 0.083337 0.716422 15.468793 3241 3715
-0.750941 0.637347 0.172846 32.646806 3261 3890
-0.484587 -0.292671 0.824330 37.469946 3261 5008
-0.377884 0.920067 0.103349 15.033754 3271 3360
0.889058 -0.012213 0.457631 20.311606 3280 3706
-0.259464 -0.562051 0.785351 25.963469 3280 4255
-0.721630 0.329497 0.608836 23.672904 3293 3955
-0.561941 0.510636 0.650748 24.520778 3293 4002
0.454694 -0.352334 0.817994 26.161502 3294 4221
0.555093 -0.541938 0.631011 19.906652 3296 3439
-0.180801 0.130692 0.974798 14.753891 3305 3971
0.231556 -0.658996 0.715616 29.062477 3311 4145
-0.108249 0.122393 0.986561 17.800623 3315 4149
-0.579957 -0.139329 0.802644 23.122109 3318 4148
-0.731697 0.666456 0.143024 21.876950 3325 3453
-0.300041 0.554873 0.775946 27.415850 3342 4176
0.634665 -0.391382 0.666349 17.795198 3345 3885
0.610541 0.479952 0.629988 12.921360 3357 4144
0.224026 -0.621188 0.750958 43.751145 3369 3942
-0.214360 0.341959 0.914939 8.405965 3374 3708
0.394273 0.308663 0.865607 11.320054 3383 3915
0.857689 -0.452940 0.243341 23.083763 3385 3919
-0.213633 -0.107387 0.970994 25.748612 3385 4736
0.220322 -0.094407 0.970848 23.967549 3407 4476
-0.422978 0.234370 0.875306 37.252522 3411 5101
-0.273856 0.712088 0.646478 10.903607 3416 3780
-0.957457 0.017038 0.288074 17.580061 3422 3708
0.873841 0.056167 0.482956 27.396378 3426 3876
0.838465 -0.218987 0.499020 22.255781 3427 3756
-0.704639 0.114659 0.700241 23.333090 3432 4167
0.212673 -0.839602 0.499838 28.133816 3442 4049
-0.525709 0.711146 0.466799 24.826791 3449 3650
0.204192 -0.841630 0.499964 20.030444 3465 4213
0.645138 -0.709942 -0.282452 29.865563 3491 3650
0.531329 -0.244790 0.811029 16.998376 3493 4321
-0.199680 -0.929974 0.308669 25.053992 3494 3650
0.493258 -0.343353 0.799253 16.445150 3502 3742
-0.177073 0.342920 0.922524 9.676004 3503 3827
-0.088265 0.203622 0.975063 26.084737 3504 4210
0.722924 -0.328233 0.607983 3.845204 3516 4541
0.994562 -0.059268 0.085639 12.418300 3517 3518
-0.610011 -0.109252 0.784825 20.502446 3517 5202
-0.854629 -0.051707 0.516658 29.085688 3518 5202
-0.330624 -0.406627 0.851670 23.755449 3521 3718
0.802986 0.004164 0.595984 26.426087 3535 4181
-0.102677 -0.329400 0.938591 38.747129 3538 4414
-0.444359 -0.218263 0.868854 11.680292 3540 3886
-0.158945 0.129817 0.978715 23.262902 3546 4419
-0.414097 0.675559 0.610036 6.477787 3553 3774
-0.555679 -0.547519 0.625655 21.928622 3554 4200
-0.649627 0.173346 0.740226 27.175782 3556 4070
0.122381 -0.026163 0.992138 23.486983 3566 4486
-0.781968 0.019481 0.623014 16.106761 3588 4009
-0.324169 -0.709377 0.625858 9.350186 3595 3853
0.158840 0.986202 0.046633 21.246965 3607 3652
-0.207716 0.333462 0.919596 22.076289 3608 4322
-0.187851 0.898368 -0.397048 16.534919 3616 4112
0.812802 -0.531185 0.239155 36.740733 3617 3870
0.486098 -0.277246 0.828760 14.695908 3618 4386
-0.030761 -0.196973 0.979926 17.211106 3625 4267
-0.364857 -0.449627 0.815300 27.843030 3634 4629
-0.150075 -0.086915 0.984847 23.207809 3642 4639
0.104647 -0.783275 0.612804 37.160906 3642 4642
-0.720548 0.183554 0.668669 42.582402 3642 4915
-0.638228 0.022728 0.769511 20.808927 3653 4326
-0.072912 -0.748545 0.659063 16.938564 3660 4116
0.158647 -0.501898 0.850253 20.899953 3664 4488
0.240422 -0.624440 0.743150 22.961293 3670 3718
0.181199 -0.593902 0.783867 16.283804 3673 4274
-0.103504 -0.743854 0.660279 33.093688 3677 4687
-0.311157 -0.003091 0.950353 18.254793 3682 4562
0.956414 0.289552 0.037828 15.506811 3685 3815
-0.495408 0.378388 0.781917 27.196433 3686 4142
-0.476522 0.640977 0.601728 7.604383 3687 3817
-0.232475 0.752773 0.615863 13.704035 3697 3742
0.619550 -0.784755 0.017853 22.707098 3697 4287
0.077561 -0.026406 0.996638 13.659697 3706 4213
0.002702 -0.609521 0.792765 19.212411 3715 4220
-0.255991 -0.955240 0.148273 19.205258 3720 4348
-0.255957 -0.334314 0.907039 25.312156 3720 5297
0.119140 0.369641 0.921505 34.769871 3720 5298
-0.217242 0.503163 0.836441 10.973191 3724 4135
0.656298 -0.518278 0.548325 21.688396 3731 4310
-0.282196 -0.601609 0.747283 20.308363 3733 4417
-0.255418 -0.351916 0.900509 19.322838 3753 4440
-0.998243 -0.041645 0.042138 22.407142 3755 3875
0.145283 0.975664 0.164236 29.424264 3755 3952
-0.285573 -0.440630 0.851054 37.521833 3755 5243
0.164485 0.423975 0.890612 37.311486 3761 4999
0.722277 0.504906 0.472638 22.379835 3769 4057
0.444274 -0.787420 0.427305 38.499137 3777 5103
-0.232831 0.053648 0.971036 24.709498 3779 3942
0.152883 -0.288432 0.945216 28.893173 3782 4257
0.904319 0.084118 0.418486 28.536557 3785 4439
0.308241 0.429904 0.848628 28.955573 3785 5079
-0.212020 -0.285340 0.934681 43.418501 3785 5658
0.018949 -0.226748 0.973769 18.849970 3809 4413
-0.020356 -0.592249 0.805498 22.275371 3814 4455
-0.553219 0.159875 0.817551 24.808435 3820 4704
-0.519200 0.256761 0.815172 17.556555 3825 4525
-0.765730 0.609056 0.206658 24.685081 3843 4173
-0.238782 -0.157987 0.958135 24.499325 3844 4910
0.444442 -0.514538 0.733295 19.624205 3845 4553
0.028327 -0.402962 0.914778 34.919000 3855 4278
-0.496765 -0.500462 0.709057 10.535346 3860 4198
-0.736537 -0.661252 0.142335 29.177325 3871 3908
-0.739587 0.207339 0.640329 19.618564 3871 4159
0.457602 0.204065 0.865424 12.457795 3876 4583
-0.638833 0.632305 0.438273 41.710874 3877 4676
-0.292507 0.892790 0.342588 26.832508 3881 4302
0.030968 -0.556624 0.830187 30.026168 3882 4907
0.060840 0.202017 0.977491 22.321575 3885 4868
-0.083389 -0.685374 0.723401 10.924335 3887 4231
-0.188289 0.434950 0.880548 35.767825 3891 4278
-0.383571 0.581376 0.717548 32.035506 3903 4984
-0.487668 -0.626292 0.608225 5.563379 3917 4042
0.291752 -0.645659 0.705695 30.198642 3920 4910
0.696446 -0.205498 0.687556 11.378889 3933 4367
0.332038 -0.019250 0.943070 36.121081 3936 4838
0.086853 -0.944587 -0.316563 23.804300 3942 4332
-0.705820 0.708392 0.000014 40.517224 3942 4764
0.035911 -0.230752 0.972350 33.045372 3942 4986
-0.422709 0.134486 0.896231 27.668645 3942 5649
-0.112274 -0.827385 0.550299 36.239654 3942 5650
0.652959 -0.323651 0.684759 26.901211 3942 5651
-0.509003 0.241964 0.826057 7.954288 3948 4260
-0.436166 0.667230 0.603790 24.657939 3952 4676
0.680076 -0.719756 0.139453 14.157917 3960 4046
0.000476 -0.299631 0.954055 22.091089 3968 4961
-0.232732 0.131019 0.963675 18.030541 3972 4746
-0.060000 0.124802 0.990366 20.008475 3974 4831
-0.138585 -0.894553 0.424935 15.595840 3990 4247
-0.766882 -0.558854 0.315555 12.820647 3994 4212
0.354230 -0.280352 0.892146 17.023352 3995 4850
0.017084 -0.941683 0.336066 8.370406 4003 4171
-0.092006 0.433767 0.896315 12.782202 4004 4548
-0.407476 0.445475 0.797192 14.609914 4006 4686
-0.037603 -0.389058 0.920446 10.059985 4011 4411
-0.511614 -0.666837 0.541830 25.920102 4030 4661
-0.991648 -0.000832 0.128974 22.994971 4032 4117
-0.598273 -0.644835 0.475665 14.021117 4033 4336
-0.103097 -0.422105 0.900666 9.675828 4037 4390
0.511811 -0.226518 0.828698 39.677047 4041 4345
-0.708737 -0.483775 0.513472 17.951969 4043 4544
-0.640929 -0.013455 0.767483 24.865471 4057 4830
-0.587842 -0.106067 0.801992 17.992879 4070 5057
0.580677 0.213305 0.785694 23.395729 4082 4616
-0.434795 0.174553 0.883450 33.404617 4084 5386
0.346410 -0.882757 0.317394 12.573710 4092 4172
0.235670 0.115065 0.964997 22.801264 4105 5407
-0.106657 0.675283 0.729806 18.232512 4109 4711
0.564065 -0.665878 0.488301 17.071045 4115 4481
0.163537 -0.002087 0.986535 11.569547 4124 4619
0.394464 -0.716503 0.575345 19.632782 4129 4740
0.491142 -0.832581 0.256101 23.047720 4140 4361
-0.353214 -0.926159 0.132175 35.023789 4142 4791
-0.873474 -0.444699 0.198205 42.774343 4142 5009
-0.461543 -0.613845 0.640447 47.194525 4142 6034
-0.347137 -0.407563 0.844623 14.396126 4158 4719
0.025565 -0.718766 0.694782 11.049257 4159 4665
0.473779 0.291619 0.830959 12.423367 4160 4433
-0.022176 -0.483053 0.875310 35.784431 4161 5386
0.420925 -0.062077 0.904969 22.793171 4165 5203
-0.522532 -0.579209 0.625682 29.606472 4167 4902
0.147366 -0.447571 0.882023 24.601389 4168 5251
0.886568 -0.433237 0.162180 18.061577 4172 4302
0.155037 0.747574 0.645830 10.971608 4172 4546
-0.333961 -0.338011 0.879897 27.304091 4176 5001
0.171896 -0.219270 0.960402 25.187800 4181 5267
-0.800818 0.122227 0.586304 10.362059 4199 4516
-0.621947 0.085848 0.778339 20.096098 4200 4975
-0.055723 -0.915468 0.398515 11.207324 4204 4371
-0.019322 0.572034 -0.820002 25.276042 4208 4287
0.294338 -0.450711 0.842748 16.141901 4209 4805
-0.356568 0.880411 -0.312626 21.928708 4210 4329
0.206638 -0.568493 0.796314 18.110202 4212 4888
0.549529 -0.378824 0.744655 34.269312 4216 5393
-0.561663 0.223319 0.796658 15.512704 4217 4818
-0.437406 -0.603799 0.666410 34.737176 4221 4999
0.266771 -0.426922 0.864043 27.646881 4226 5919
-0.327476 0.247100 0.911977 34.161787 4226 6223
-0.109454 0.698377 0.707311 13.169315 4230 4646
0.041343 -0.819727 0.571260 9.976150 4231 4600
-0.512936 0.067243 0.855789 35.040631 4238 5586
-0.257075 0.748063 0.611812 26.332861 4241 5177
-0.155563 0.897387 -0.412911 20.600050 4245 4328
0.734480 -0.479914 0.479814 7.736383 4249 4250
0.475642 -0.187708 0.859378 41.206124 4257 6241
0.047408 -0.750761 0.658871 32.688575 4258 4890
0.598356 -0.142130 0.788523 28.592254 4259 4948
0.487972 -0.576861 0.655068 40.170528 4263 4490
-0.772341 -0.064062 0.631969 8.814495 4264 4489
0.350952 -0.867481 0.352575 27.782643 4274 4633
0.415449 -0.633010 -0.653223 9.252277 4275 4635
-0.083404 -0.294136 0.952118 31.469832 4278 6640
-0.010897 -0.778986 0.626946 25.196722 4285 5061
0.156754 0.884437 0.439544 39.240685 4287 4476
-0.053609 -0.469246 0.881439 41.993927 4298 6053
-0.240863 0.230944 0.942682 15.815778 4304 4684
-0.718757 -0.064866 0.692228 23.457202 4309 5088
-0.045569 0.577884 0.814845 6.848843 4312 4600
-0.321623 -0.346871 0.881044 27.119968 4318 5591
-0.247416 0.930085 0.271528 29.339138 4320 5138
-0.326495 0.527751 0.784143 46.462493 4321 4570
-0.656544 0.555475 0.510292 16.857200 4321 4604
-0.852027 0.509779 0.119062 14.934624 4324 4653
-0.648654 -0.599261 0.469185 13.289042 4324 4800
0.316905 -0.748019 0.583129 18.699918 4330 4764
0.560520 -0.605290 -0.565190 37.256094 4345 4680
-0.773080 0.202114 0.601247 43.609394 4345 6668
0.262206 -0.601755 0.754413 35.059141 4345 6674
-0.193513 -0.321368 0.926971 41.523208 4345 7171
-0.406256 -0.913598 -0.017185 5.259833 4371 4521
0.114993 -0.973134 0.199466 23.628079 4388 4611
0.714537 -0.413501 0.564317 19.958308 4389 5026
0.899932 -0.420550 0.115151 23.017060 4399 4495
-0.359279 0.328113 0.873648 30.645146 4399 4621
0.157428 0.285419 0.945385 5.147560 4403 4552
-0.425927 0.273405 0.862459 24.760335 4412 5356
0.043365 -0.676676 0.735003 55.475783 4412 6254
-0.709742 -0.132347 0.691919 22.518840 4413 5265
-0.451187 -0.506797 0.734566 27.437316 4423 5275
-0.149494 -0.959485 0.238831 15.321194 4425 4980
-0.023613 -0.489125 0.871894 28.713030 4442 4621
0.472632 0.217712 0.853944 17.752084 4445 4903
0.003035 0.271280 0.962496 17.063475 4448 5164
-0.814395 0.403658 0.416918 24.126768 4454 5365
-0.272868 0.155057 0.949474 10.326470 4468 5143
0.156931 0.194188 0.968330 17.970470 4469 5326
0.029534 0.833732 0.551379 30.062705 4476 5191
-0.258558 0.009029 0.965954 31.493074 4478 5947
-0.196773 -0.942419 0.270418 25.545396 4484 4720
-0.774873 0.570851 -0.271477 43.366133 4490 4895
0.858105 -0.510775 0.052573 39.512663 4490 5623
0.563000 -0.320312 0.761860 47.942349 4490 7037
0.506823 -0.447277 0.736935 22.862196 4500 5254
-0.319712 0.430851 0.843891 5.196754 4509 4786
0.395993 -0.208455 0.894280 27.563085 4516 5374
-0.673894 -0.259771 0.691655 42.969196 4517 5983
-0.147593 0.173337 0.973741 42.693567 4517 6355
-0.494783 0.606715 0.622163 11.671824 4540 4897
-0.074732 0.353938 0.932278 15.384288 4546 5207
0.476434 -0.615368 0.627959 15.927939 4549 4684
0.083342 -0.056836 0.994899 15.036477 4551 5213
-0.149230 -0.152122 0.977031 15.693454 4568 5226
0.128376 -0.474317 -0.870944 31.955153 4570 4604
-0.158428 -0.742839 -0.650454 36.101402 4570 4795
-0.205753 0.649085 -0.732362 24.526488 4570 5054
0.634094 -0.770806 -0.061513 41.570618 4570 5139
0.635178 -0.270288 0.723528 19.441668 4591 5207
-0.370863 0.812844 0.449161 17.035086 4593 5000
0.729755 -0.617034 0.294495 18.762410 4599 4868
0.510498 -0.845705 0.155480 32.786095 4608 5148
-0.282847 0.719900 0.633831 25.602008 4608 5554
-0.701845 -0.477621 0.528481 11.145570 4619 4853
-0.545280 0.742644 -0.388780 26.532723 4621 5115
0.871959 -0.347335 0.345031 36.035326 4621 5806
0.138369 -0.988180 0.065985 6.909593 4622 4623
-0.559152 0.681432 0.472229 14.158018 4628 4997
0.043689 -0.779288 0.625141 38.944320 4633 5816
0.043112 0.345206 0.937536 11.988232 4638 4917
-0.620253 -0.454726 0.639148 5.006467 4640 4689
-0.407493 0.305247 0.860682 41.417731 4644 6295
-0.521138 0.539708 0.661158 9.300081 4647 4870
-0.733791 -0.291708 0.613561 11.676461 4649 4929
0.024789 0.338624 0.940595 25.966320 4650 5729
-0.488725 0.065598 0.869968 18.817549 4651 5138
0.245587 -0.931977 0.266657 16.713884 4653 4800
0.264832 -0.933135 0.243153 25.464133 4654 4804
0.617230 -0.784249 0.063096 19.621383 4673 4675
-0.695945 0.325967 0.639848 21.431301 4675 5392
0.873959 -0.475177 0.101991 26.701714 4676 4777
0.793597 -0.409260 0.450233 34.406412 4680 4999
0.056512 -0.426735 0.902609 21.327117 4681 5209
-0.297970 -0.272306 0.914911 19.224697 4684 5398
0.800602 -0.520338 0.297126 18.580943 4691 4965
0.099589 -0.561340 0.821571 15.019676 4692 5268
-0.370781 -0.108629 0.922346 20.580815 4692 5633
-0.323821 0.371929 0.869948 25.687982 4707 6037
0.556506 0.822321 -0.118699 16.579428 4723 4725
-0.880574 0.357619 0.310961 32.623252 4729 5199
-0.300264 0.277958 0.912459 13.816703 4749 5270
-0.163119 -0.680462 0.714398 16.308718 4751 5309
0.245962 -0.728287 0.639609 19.419080 4753 5094
0.331456 -0.650907 0.682976 16.796311 4759 5278
-0.775403 0.630697 -0.031162 9.091728 4765 4807
0.558309 -0.521146 0.645522 24.933943 4771 4890
-0.342341 0.126130 0.931071 27.491265 4791 6034
0.553177 -0.730344 0.400742 28.594107 4793 5318
-0.049066 0.650276 0.758112 20.956723 4805 5553
-0.054181 -0.349697 0.935295 15.865261 4806 5329
0.336196 -0.693940 0.636726 24.923118 4812 5386
0.783595 -0.084122 0.615550 22.363167 4819 5438
0.432636 -0.901566 0.002125 17.300256 4822 4823
-0.007599 -0.431252 0.902200 23.507481 4825 5763
0.260667 -0.323547 0.909599 17.407587 4845 5559
0.329388 -0.923646 0.195912 22.839112 4869 5091
0.873279 0.014245 0.487011 19.687591 4869 5271
-0.313945 -0.500595 0.806749 16.253000 4876 5590
-0.030927 0.450302 0.892341 14.886380 4879 5498
-0.494447 0.830188 -0.257506 42.340183 4883 4984
-0.378903 -0.917144 -0.123609 23.931119 4883 5281
-0.970312 0.089955 -0.224506 29.445531 4890 5239
-0.158554 -0.856738 0.490775 21.634063 4898 5570
0.691689 -0.483987 0.536025 23.102195 4901 5438
-0.841028 0.282651 0.461280 32.400468 4933 5374
-0.607149 -0.668253 0.429893 7.163478 4939 5017
-0.811257 0.331706 0.481490 5.280058 4945 5104
-0.968515 0.098066 0.228828 26.747381 4950 5287
0.161576 -0.846853 0.506688 25.737899 4950 5565
0.814319 -0.290239 0.502640 25.581757 4954 5756
-0.164245 0.148553 0.975169 17.305414 4954 5808
0.235391 0.095001 0.967247 21.435324 4963 5770
-0.371069 0.211013 0.904312 25.752702 4973 5588
-0.736958 0.608785 0.293726 21.735395 4979 5278
-0.690090 0.607803 -0.392877 18.667821 4986 5649
0.450219 0.065906 0.890483 31.565998 4991 6324
0.806099 -0.260970 0.531131 12.519120 4993 5288
-0.217989 -0.528611 0.820397 14.620128 4994 5518
0.870417 0.123555 0.476560 23.286556 4995 5523
-0.662838 0.170928 0.728992 14.132343 5008 5454
-0.041555 0.261169 0.964398 6.661845 5017 5421
0.297410 -0.596273 0.745658 21.090063 5020 5947
-0.786421 -0.375012 0.490824 19.981239 5027 5028
0.904201 -0.404905 0.135917 7.809382 5027 5114
0.232921 -0.608193 -0.758847 16.275749 5028 5079
-0.261786 -0.223443 0.938904 36.759314 5028 6615
0.282433 -0.896328 0.341801 39.572671 5030 5476
-0.515398 0.020442 0.856707 15.145677 5030 5660
-0.186780 -0.795145 0.576939 9.676366 5046 5310
-0.092888 -0.491663 0.865817 24.845367 5053 5369
-0.704256 0.161161 0.691412 25.094397 5056 5784
0.233750 -0.413033 0.880207 12.490868 5058 5596
0.090109 -0.586598 0.804849 17.461864 5069 5698
-0.362530 0.236921 0.901355 19.024469 5071 5897
-0.418519 -0.735588 0.532684 22.676908 5076 5796
-0.185119 -0.343315 0.920796 36.691458 5081 6621
0.333360 -0.465579 0.819821 20.507162 5086 5673
-0.170475 0.406719 0.897506 5.977540 5094 5455
0.034816 0.259939 0.964997 39.698858 5100 5738
-0.650425 -0.364652 0.666315 8.037209 5110 5387
0.159639 -0.822583 0.545777 25.307183 5112 5658
0.913188 0.052347 -0.404162 28.466809 5113 5524
-0.449154 -0.326136 0.831803 24.774967 5116 6089
0.342615 -0.646406 0.681744 28.039530 5120 5811
-0.115538 0.465371 0.877542 9.992203 5124 5446
-0.484807 0.173068 0.857327 26.760539 5125 5819
-0.165885 -0.967336 0.191687 30.426285 5128 5585
0.147091 -0.069009 0.986713 12.858862 5138 5546
-0.012530 -0.813171 0.581890 30.627051 5138 6199
-0.892781 -0.390791 0.224109 28.759610 5139 5828
-0.028656 0.721014 0.692328 22.842431 5148 5843
0.548095 0.045564 0.835174 20.839305 5167 5965
0.320870 -0.804054 0.500539 37.523512 5177 5588
-0.052998 -0.605616 0.793990 19.130295 5187 5888
-0.278149 -0.156186 0.947755 23.400510 5196 6323
0.086704 0.041841 0.995355 13.464016 5206 5858
-0.383441 0.262968 0.885337 19.682079 5214 5963
-0.122865 -0.772484 0.623035 26.801728 5221 5974
-0.944509 -0.192394 0.266247 12.820193 5222 5494
0.164067 -0.354092 0.920707 12.110942 5225 5728
-0.014122 -0.972669 0.231766 20.478600 5228 5496
-0.399750 0.137344 0.906276 12.269166 5237 5792
0.081714 -0.773709 0.628250 17.795837 5239 5657
0.388202 -0.834643 0.390731 25.545328 5240 5658
-0.313541 -0.572052 0.757924 15.077480 5241 5744
0.633896 0.116803 0.764547 21.292519 5242 6089
0.009979 -0.580487 0.814208 33.668659 5249 6503
0.072079 -0.393368 0.916551 21.785063 5251 6132
-0.497121 -0.195878 0.845282 18.416019 5253 6057
-0.385842 -0.858509 0.337769 15.596688 5258 5672
-0.529270 -0.770064 -0.356195 14.343879 5260 5400
-0.693843 0.718498 -0.048403 27.863682 5260 5444
-0.220659 -0.914240 0.339816 17.908424 5264 5578
0.389048 0.033603 0.920604 31.706146 5266 6475
-0.508855 0.650657 0.563659 22.898376 5267 5919
0.137946 -0.596020 0.791031 23.188247 5267 6148
0.745905 -0.570632 0.343519 14.510979 5268 5403
-0.708781 0.481138 0.515884 12.876713 5268 5633
-0.334288 0.127628 0.933789 17.073573 5269 6105
0.232618 -0.138555 0.962648 23.767571 5278 6316
-0.462336 0.526174 0.713713 36.795190 5278 6443
-0.625893 0.020968 0.779627 6.862803 5280 5506
-0.466660 -0.053929 0.882791 27.508822 5297 6331
0.182127 -0.911571 0.368603 20.393875 5298 6098
0.149507 -0.751064 0.643079 19.988740 5302 6021
-0.529406 0.684936 0.500591 28.363556 5316 5588
0.184413 0.483595 0.855644 14.903412 5322 5787
0.057856 -0.759059 0.648445 28.301802 5325 6071
0.441228 0.096571 0.892184 19.998450 5326 6116
-0.655495 0.753640 0.048512 22.610449 5328 5940
0.701051 -0.625055 0.343270 13.628948 5336 5518
-0.551242 0.771265 0.318251 7.342215 5341 5474
-0.641607 0.398034 0.655675 26.383256 5342 5661
-0.596641 0.104219 0.795713 19.567354 5345 6091
-0.433077 -0.878623 0.201161 11.006421 5353 5488
0.114513 -0.234824 0.965269 8.413745 5353 5680
0.247490 -0.940942 0.231037 24.000382 5361 5585
0.190081 -0.257549 0.947385 19.035324 5366 6196
0.817304 -0.575395 0.030576 38.047496 5393 5570
-0.896429 0.200024 0.395481 24.837292 5393 5747
-0.538930 0.366211 0.758580 19.539852 5402 6145
0.242730 -0.275663 0.930103 31.954161 5403 6394
-0.473900 0.128930 0.871089 18.474149 5406 6196
0.477446 -0.849664 0.223869 18.790299 5407 5690
0.101610 -0.861528 0.497439 19.616595 5408 5589
-0.832006 -0.546838 -0.093460 7.110886 5422 5464
0.172878 -0.423641 0.889180 16.339448 5424 5695
-0.420235 0.840391 0.342265 21.048409 5428 5697
-0.903168 -0.116593 0.413150 26.676639 5434 5745
-0.226107 -0.354858 0.907167 30.325762 5438 6667
0.274142 -0.169431 0.946646 37.873042 5453 6829
-0.326486 0.416167 0.848653 32.372363 5462 6756
0.486727 0.797639 -0.356185 6.280760 5475 5569
0.550106 -0.425188 0.718748 30.198346 5475 6575
-0.956428 0.265846 -0.120715 26.168922 5476 5523
0.004721 -0.994225 0.107214 12.193905 5476 5804
0.182127 -0.730890 0.657746 16.581911 5491 6030
0.518192 -0.454212 0.724685 27.920928 5499 6443
-0.072459 0.459422 0.885258 21.273914 5503 6358
0.469815 -0.857316 0.210436 29.935432 5512 5894
0.681030 -0.472933 0.559047 15.454127 5523 5906
0.097825 -0.794022 0.599966 14.295252 5538 5872
-0.131009 0.921610 -0.365337 23.095672 5541 5877
-0.407357 0.719287 0.562749 14.975159 5546 6309
-0.693987 -0.299979 0.654518 22.838665 5562 6412
-0.364685 -0.854721 0.369402 17.537997 5563 6007
-0.099970 -0.260790 0.960205 31.757590 5564 6172
0.550155 0.133150 0.824379 16.476289 5568 5957
0.372876 -0.837326 0.399811 25.961690 5571 5959
-0.629313 0.276368 0.726351 22.609950 5577 6251
-0.557347 0.590055 0.584122 13.835581 5578 5965
0.155798 -0.373129 0.914605 20.742710 5589 6697
-0.646520 -0.122932 0.752927 25.105919 5589 6745
-0.467978 -0.472539 0.746795 30.620994 5590 6483
0.158403 0.067270 0.985080 10.291845 5592 6115
0.392873 -0.849863 0.351259 10.322403 5603 5789
-0.550807 -0.038854 0.833728 26.008313 5611 5953
-0.841820 0.533953 0.078951 29.145043 5618 5658
0.686016 -0.100898 0.720557 16.602614 5619 5661
-0.216389 0.278680 0.935689 21.175766 5633 6149
0.683284 -0.490017 0.541301 32.194705 5636 5689
-0.458654 -0.019993 0.888390 42.092214 5636 6829
0.589441 -0.669054 0.452687 18.712702 5637 5980
0.759760 -0.642641 0.098882 15.022401 5648 5696
-0.710473 0.337996 0.617241 12.426587 5654 5951
0.790183 0.493248 -0.363755 16.782534 5661 5852
0.418123 -0.905891 -0.067345 27.048064 5661 6092
-0.557860 -0.533878 0.635426 13.249355 5664 6056
0.069636 -0.211552 0.974883 9.945942 5680 6146
-0.394095 0.406574 0.824249 19.666547 5682 6294
-0.102732 -0.431862 0.896070 20.528463 5692 6350
0.230868 -0.338466 0.912218 22.600935 5697 6711
0.396667 -0.501990 0.768545 9.906758 5699 6170
-0.545840 0.240212 0.802718 32.842194 5705 6670
0.092961 -0.957122 0.274363 24.934641 5707 6019
-0.546312 -0.047517 0.836233 22.366367 5707 6508
0.562905 -0.265705 0.782649 28.185691 5710 6287
0.084530 -0.631977 0.770363 11.974228 5722 6186
-0.476233 -0.114196 0.871872 17.111425 5730 6310
0.601351 -0.340023 -0.723023 29.286534 5731 5888
0.308623 -0.950992 -0.019126 28.805063 5731 6789
-0.337612 0.745949 -0.574090 35.479558 5738 5993
0.138983 0.710916 0.689407 10.578286 5741 6118
0.418461 -0.052140 0.906737 17.600186 5742 6493
0.833739 -0.540069 -0.114916 10.650220 5744 5748
0.342035 0.161181 0.925761 24.984161 5745 6661
0.520227 -0.834493 0.181620 8.163064 5746 5747
0.659411 -0.084197 0.747053 33.210276 5750 6670
0.446485 -0.028862 0.894325 35.160297 5764 6023
0.230304 -0.145565 0.962170 20.750129 5775 6688
-0.100508 -0.757107 0.645513 16.719472 5789 6236
-0.987960 -0.032295 -0.151303 20.581901 5799 6240
-0.021370 -0.430667 0.902258 16.601531 5809 6131
-0.404968 -0.415363 0.814539 14.441556 5812 6286
-0.373873 -0.128493 0.918536 34.412598 5820 6023
-0.334547 0.187752 0.923487 22.214477 5828 6958
-0.160590 -0.924542 0.345590 11.493923 5830 6070
-0.132277 -0.494717 0.858928 14.567334 5845 6413
-0.396922 0.870280 0.291660 11.442557 5855 6096
-0.311662 -0.950152 -0.008794 15.542167 5856 5857
-0.499927 0.471573 0.726424 8.684274 5869 6146
0.456258 -0.873006 0.172307 31.915469 5878 6154
-0.307319 -0.614360 0.726716 28.379582 5888 6789
0.174382 -0.878609 0.444564 26.909394 5889 6445
-0.687308 0.379074 0.619605 49.911758 5894 6167
-0.043064 0.380777 0.923664 20.094171 5903 6664
0.621259 -0.292672 -0.726898 32.360214 5913 6141
-0.588014 0.663962 -0.461946 36.204843 5913 6379
0.041897 0.775710 0.629697 15.395110 5925 6343
0.564164 -0.780436 0.269516 27.981246 5928 6259
-0.453440 0.305965 0.837124 15.480501 5932 6519
-0.621760 0.314815 0.717152 8.745481 5936 6159
-0.087648 -0.297689 0.950631 22.018474 5957 7036
0.249532 0.066715 0.966066 17.470778 5960 6811
0.741522 -0.301771 0.599233 23.774558 5963 6585
-0.334278 -0.227333 0.914647 36.835356 5965 6729
-0.422959 0.869120 0.256389 41.682050 5987 6355
0.392495 -0.865113 0.312293 22.095766 5988 6200
-0.172273 -0.931219 0.321174 13.535499 5991 6234
0.191912 -0.521018 0.831691 15.027252 6015 6504
0.121723 -0.037466 0.991857 18.765040 6016 6850
-0.345760 0.569189 -0.745971 35.402549 6023 6063
0.833568 -0.531429 0.150823 13.764176 6024 6186
-0.510607 -0.223708 0.830202 22.424635 6025 6822
-0.900793 -0.429806 0.061957 18.287319 6029 6257
0.365829 -0.627887 0.686970 33.124761 6029 7152
0.019696 -0.247172 0.968772 16.640457 6032 6907
0.315912 -0.107819 0.942643 9.920563 6035 6438
-0.364928 0.080087 0.927585 24.623786 6037 6960
-0.331532 -0.547362 0.768428 14.963580 6040 6490
0.222807 -0.636239 0.738618 34.746120 6043 6167
0.708299 0.456191 0.538704 17.840875 6053 6620
-0.350069 0.856847 0.378505 8.613081 6058 6135
-0.111152 -0.530140 0.840593 16.825132 6069 6521
0.649432 -0.600271 0.466811 12.858603 6070 6406
-0.486552 -0.579651 0.653660 13.487318 6071 6567
-0.266887 -0.716495 0.644520 21.312302 6071 6754
0.974267 -0.218727 0.054428 20.513412 6082 6170
0.884580 -0.465538 0.028150 16.012508 6087 6088
-0.402067 -0.552169 0.730377 9.719536 6088 6371
0.367600 -0.188744 0.910629 34.490971 6099 6729
0.084072 0.089014 0.992476 14.352524 6103 6636
0.234411 0.093204 0.967659 17.913796 6105 6825
0.227027 -0.450228 0.863570 27.169458 6107 7126
-0.209674 -0.761621 0.613165 19.577725 6111 6642
-0.509816 0.676519 0.531423 21.487046 6116 6568
-0.515365 -0.155642 0.842718 16.356167 6124 6762
0.573016 -0.533448 0.622162 22.929616 6131 7000
-0.854017 0.518225 0.045798 21.550731 6144 6336
-0.049708 -0.452931 0.890159 16.425499 6144 6939
0.280568 -0.868636 0.408353 31.648040 6145 6631
0.672878 -0.017628 0.739544 18.414181 6148 6738
-0.627462 0.099505 0.772263 31.754385 6148 7147
-0.231540 0.193095 0.953469 22.491081 6151 6779
0.033103 0.557016 0.829842 19.075593 6157 6866
-0.493833 -0.760198 0.422170 32.494705 6158 6751
-0.973046 0.075441 -0.217923 32.973068 6172 6241
0.057207 0.359504 0.931388 21.499489 6172 6921
-0.477901 -0.432106 0.764784 16.444052 6188 6681
0.253956 -0.718491 0.647516 28.439872 6193 6984
-0.363837 0.577381 0.730927 25.615122 6194 6984
-0.541417 0.327023 0.774548 15.145089 6195 6642
-0.346780 -0.470070 0.811651 19.545055 6199 6700
0.253753 -0.687962 0.679940 24.809054 6215 6998
-0.301599 0.210345 0.929943 22.950429 6229 7130
0.936723 -0.332224 -0.110347 37.820120 6244 6622
0.498910 -0.863145 0.077910 38.995051 6244 6928
-0.403856 -0.518397 0.753767 19.408719 6245 6927
0.263503 -0.343574 0.901401 30.739427 6249 6625
-0.234784 -0.971889 -0.017528 14.855025 6252 7458
-0.756597 -0.632682 -0.165151 9.242738 6252 7460
-0.130136 -0.776450 0.616596 45.445837 6254 7255
-0.133673 0.015836 0.990899 12.438771 6261 6741
0.418629 0.387862 0.821166 15.500685 6281 6927
0.324819 -0.071893 0.943040 34.319019 6295 7390
-0.701417 0.704941 0.105223 32.135703 6316 6443
-0.560983 -0.296643 0.772853 26.222625 6321 6917
-0.564157 0.759807 0.323141 24.345337 6332 6724
-0.358931 -0.226940 0.905355 12.893297 6342 6780
-0.933400 -0.014332 0.358550 13.305380 6343 6553
-0.330323 0.928131 0.171636 37.543910 6355 6699
-0.275539 -0.672206 0.687181 21.323396 6355 7067
-0.942077 0.294148 0.161147 7.647187 6390 6516
-0.016848 -0.273975 0.961589 18.625615 6392 7086
0.873128 -0.396690 0.283344 23.359201 6394 7013
0.093409 -0.856982 0.506810 23.940038 6394 7212
-0.301192 -0.232479 0.924790 20.826875 6394 7391
0.913198 -0.121099 0.389106 15.318361 6398 6590
-0.375159 0.695482 0.612830 31.331505 6398 7152
-0.153434 0.010580 0.988102 13.148824 6420 7038
0.411323 -0.661529 0.627052 36.292959 6425 6729
0.304348 0.161403 0.938787 15.223301 6430 7083
-0.582759 0.594359 0.554192 18.213942 6459 6620
-0.083309 -0.717851 0.691194 11.202824 6459 6972
-0.506875 0.171105 0.844867 14.196292 6463 7114
0.468681 -0.801397 0.371619 18.831987 6479 6740
-0.277735 0.185100 0.942656 18.101122 6482 7336
-0.086876 0.868534 0.487957 16.513424 6508 6771
-0.293944 0.928473 0.227014 39.310778 6526 7342
-0.558738 0.208127 0.802805 25.506138 6563 6833
0.097443 -0.830554 0.548347 8.972587 6567 6754
0.259925 -0.844751 0.467797 13.423301 6579 6721
0.257702 -0.683837 0.682611 10.295793 6584 6855
0.897353 -0.395901 0.194985 11.145477 6611 6802
0.737845 -0.447116 -0.505640 26.621500 6625 6854
-0.888539 -0.009020 0.458712 16.031371 6634 7083
0.946418 -0.321130 -0.034186 20.608242 6637 6688
-0.110239 0.451745 0.885310 20.330763 6643 7334
-0.396697 -0.496676 0.771974 23.111370 6670 7358
0.661533 -0.700415 0.267942 8.659538 6677 6726
0.659987 -0.728531 0.183466 30.307108 6685 6945
-0.358305 0.219903 0.907337 10.845684 6687 7087
0.087517 -0.959675 0.267143 23.997227 6691 6983
0.811207 -0.502960 0.298286 22.079300 6695 7156
-0.116216 0.891959 0.436924 10.385757 6707 6876
0.018047 -0.198998 0.979834 22.190556 6724 7383
0.069707 -0.648360 0.758136 20.050638 6734 7311
0.413451 -0.145677 0.898797 19.514064 6736 7362
-0.146435 0.048648 0.988023 22.418003 6741 7417
0.299925 -0.286038 0.910070 18.152906 6745 7240
0.247520 -0.409364 0.878154 25.163912 6749 7397
0.466797 -0.670157 0.577054 16.639480 6751 7019
0.954504 -0.050495 0.293891 27.220528 6772 7040
-0.473794 0.340589 0.812108 19.294968 6778 7362
-0.426714 -0.351161 0.833427 22.447715 6779 7387
0.234036 0.551379 0.800755 23.003899 6779 7403
0.086829 -0.984519 0.152259 5.839397 6796 6876
-0.648594 0.125792 0.750668 19.897874 6797 7276
-0.528339 -0.218811 0.820354 3.276680 6824 7053
-0.513888 -0.660377 0.547560 13.661160 6827 7214
0.204038 -0.558614 0.803940 22.126028 6852 7348
0.107207 -0.898341 0.426016 23.198304 6857 7206
0.182318 -0.979307 -0.087853 15.321514 6880 7029
0.426930 0.773133 0.469037 12.544221 6899 7046
-0.248595 -0.193426 0.949098 22.296995 6936 7386
0.281202 -0.677184 0.679961 6.910887 6940 7046
-0.229095 -0.889798 0.394682 4.945786 6951 7060
-0.358357 0.901019 0.244427 16.520372 6981 7210
0.401078 0.868475 0.291355 25.316590 6995 7246
-0.272266 -0.940404 0.203745 15.428740 7010 7121
-0.735028 0.587645 0.338242 20.024602 7059 7128
-0.682828 0.258487 0.683323 30.366516 7083 7433
0.462907 0.883270 0.074506 8.718798 7090 7091
-0.085269 -0.957253 0.276400 20.945170 7121 7256
0.722504 -0.691180 0.016057 26.908030 7126 7129
0.632630 -0.771064 -0.072387 22.868266 7159 7220
-0.586409 0.445825 0.676287 17.632438 7172 7409
-0.459346 -0.884436 0.082311 12.309445 7187 7242
0.758292 -0.543684 0.359724 16.561418 7204 7373
-0.104252 -0.317796 0.942410 17.750753 7231 7402
0.324075 -0.707808 0.627681 13.084103 7236 7394
-0.234817 0.967627 0.092517 19.079132 7237 7352
0.592852 -0.610573 0.525098 17.752429 7255 7423
0.327472 -0.940189 0.093848 13.013420 7263 7335
-0.378704 -0.538327 0.752853 17.192319 7266 7439
0.757534 -0.652728 0.009385 20.255593 7334 7336
-0.940705 0.171125 0.292902 16.477961 7386 7441
