-0.045295 0.829541 0.556606 34.048583 12 1091
-0.358434 0.227136 0.905502 31.627263 14 1666
-0.852175 0.289094 0.436145 5.524627 26 244
0.249080 -0.331674 0.909918 12.778556 27 389
0.378177 -0.358355 0.853559 25.748848 30 1219
0.322494 0.296675 0.898878 27.496939 34 1416
0.481269 -0.257214 0.837986 15.781743 41 841
-0.461955 0.341463 0.818536 31.790427 44 1349
-0.378246 0.419403 0.825246 31.995191 49 1988
0.251700 -0.404727 0.879115 23.977986 50 1215
0.823422 -0.500270 0.267778 13.548306 51 82
0.041081 -0.380328 0.923939 34.736561 64 1666
-0.774007 0.620735 -0.124904 15.238752 73 182
0.908344 0.264575 0.323901 12.140084 82 663
-0.286118 0.778919 0.558051 20.387677 83 863
-0.617323 -0.771129 0.155795 5.142754 109 154
0.504190 0.821528 0.266240 10.922952 117 297
-0.609810 0.683608 0.401014 15.891150 148 556
-0.430551 0.224456 0.874211 9.374946 150 792
0.355257 -0.821348 0.446296 14.122640 152 576
-0.746901 0.085523 0.659412 35.470950 153 1197
0.975235 -0.221123 -0.004533 26.196697 157 749
0.061316 -0.099956 0.993101 23.868357 165 1391
-0.676745 0.701001 0.224974 14.050160 168 439
0.249146 0.461751 0.851301 13.292377 170 892
0.190480 -0.185366 0.964032 23.249532 175 1304
-0.791442 -0.534280 0.296926 9.644921 200 335
-0.714748 0.628164 -0.307482 29.508159 216 425
0.906995 -0.175211 0.382964 27.313671 216 1387
-0.401189 0.800516 0.445220 27.268742 216 1474
-0.471230 -0.097347 0.876622 12.428978 221 845
-0.345535 -0.902422 0.257370 20.581411 231 705
0.319605 -0.283149 0.904256 24.976054 247 1407
-0.086468 0.179093 0.980025 22.527730 248 996
-0.608512 0.232004 0.758873 25.512366 252 1215
0.765287 -0.627340 0.144154 25.881794 265 555
-0.606096 -0.435293 0.665708 10.363153 266 732
0.496910 -0.241211 0.833605 24.173989 269 1037
0.055285 -0.392672 0.918016 23.713790 287 1388
0.360067 0.192240 0.912905 15.275464 308 1100
-0.518159 0.852189 0.072705 20.722203 315 530
-0.395973 0.029027 0.917803 19.630252 316 989
0.063288 -0.424424 0.903249 28.579567 340 1550
-0.762767 0.614722 0.200755 12.231883 342 493
-0.248697 0.452038 0.856628 6.542552 344 684
-0.897572 -0.081345 0.433297 24.926348 348 1155
-0.470744 -0.137208 0.871535 20.964422 362 1333
-0.543609 0.674561 0.499456 41.830827 363 1091
0.236510 0.252297 0.938301 22.408738 369 1345
-0.457865 0.523813 0.718317 33.230150 372 1572
-0.573516 -0.079519 0.815326 21.435823 382 1487
-0.546944 0.837133 0.007819 27.536811 384 452
0.366911 -0.644249 0.671059 30.019358 385 1402
0.312410 -0.800026 0.512210 36.536934 388 1360
-0.297656 -0.689488 0.660308 29.913090 388 1402
0.368611 -0.152885 0.916925 11.905712 395 1064
-0.365528 0.686962 0.628070 14.707944 401 914
-0.586008 -0.327369 0.741232 13.167458 406 956
0.241431 -0.867649 0.434622 40.234730 421 1197
-0.218686 0.398646 0.890650 39.959921 423 2084
0.681069 -0.659547 0.318031 26.504630 427 840
0.130631 0.543463 0.829207 17.463756 441 1166
-0.229655 -0.254819 0.939322 19.715146 442 1251
-0.286247 -0.247308 0.925690 33.724245 454 1897
0.438497 -0.612399 0.657790 28.545291 459 996
-0.375594 0.661580 0.649031 21.472241 461 993
-0.271234 -0.430768 0.860738 15.785315 467 1140
-0.504151 0.604691 0.616588 18.395102 468 1180
-0.034964 0.997353 0.063751 8.552277 471 778
-0.365445 0.148843 0.918856 16.575354 471 1494
0.192246 -0.061608 0.979411 17.415745 497 1379
-0.055235 -0.391690 0.918438 25.438739 498 1430
-0.387596 0.909637 0.149434 16.115316 504 693
0.407672 -0.074659 0.910071 16.845252 509 1291
0.224869 -0.521806 0.822892 28.370603 510 1615
-0.451641 -0.288814 0.844160 28.888384 514 699
0.482072 -0.379369 0.789737 18.946684 514 1163
0.538967 -0.412960 0.734152 10.176897 515 889
-0.406227 -0.553664 0.726936 17.228808 518 1096
0.946516 -0.256045 0.196335 17.548912 522 647
0.724731 -0.618701 0.303271 34.546214 524 936
0.138870 -0.612293 0.778339 20.233525 529 989
0.153995 -0.823480 0.546046 31.173813 532 859
-0.000902 -0.866506 0.499165 25.442836 535 1103
-0.825493 0.389949 0.408045 28.065175 539 905
0.992027 0.040373 0.119386 13.906103 545 546
0.254624 -0.896965 0.361415 25.616402 547 1031
-0.470279 -0.260824 0.843094 26.515307 557 1598
0.133590 -0.400504 0.906505 45.926274 560 2395
0.173463 -0.130141 0.976204 15.531413 568 1605
0.803184 0.215500 0.555388 30.762900 570 1332
-0.244280 0.555925 0.794528 23.772192 574 1381
0.558235 -0.609163 0.563289 36.686189 585 1618
-0.565713 -0.079055 0.820804 27.743537 591 1572
-0.441794 0.529913 0.723886 35.738514 594 1760
-0.342624 -0.240951 0.908048 19.530673 598 1352
-0.530768 0.329857 0.780692 14.819472 600 1134
0.324840 0.164569 0.931341 24.065613 600 1678
0.024325 0.170746 0.985015 19.486705 604 1491
-0.504257 0.542891 0.671561 21.953321 608 1218
-0.958345 -0.279969 0.056494 20.467988 627 671
0.248162 0.142349 0.958203 13.882021 629 1280
-0.335244 0.054488 0.940554 43.904149 634 2630
0.410100 -0.654417 0.635260 20.647698 641 1245
-0.197002 0.727526 0.657188 28.892486 642 1618
0.524540 -0.846608 0.090070 21.386793 648 813
-0.317752 0.187033 0.929544 30.482169 648 1525
-0.613984 0.604684 0.507326 40.063206 649 895
-0.431528 0.618490 0.656699 23.422914 652 1306
-0.018836 0.583924 0.811590 24.114994 653 1486
-0.076689 -0.493439 0.866393 44.640095 654 2374
0.061370 -0.992216 0.108358 30.415113 660 906
0.346012 0.498605 0.794776 26.845179 670 1370
0.204844 -0.826347 0.524586 36.616640 675 1550
0.389900 -0.082568 0.917148 20.038789 676 1551
-0.301776 -0.751245 0.586994 30.753919 678 1550
0.569758 0.702838 0.425904 7.837302 679 835
0.313000 -0.366643 0.876130 20.037962 680 1428
-0.302720 -0.141512 0.942515 17.965641 693 1385
0.496012 -0.725902 0.476485 38.343881 695 1565
0.038438 0.586355 0.809142 36.937181 697 1971
-0.557875 0.803245 0.208740 26.412201 698 844
0.480729 -0.703848 0.522970 39.601290 699 2553
0.150355 -0.018911 0.988451 29.916208 703 2056
-0.211080 0.239181 0.947754 19.477217 708 1530
-0.133075 0.202503 0.970198 41.201939 717 1408
0.400835 -0.850042 0.341701 27.097113 722 1030
-0.419525 0.291980 0.859504 16.722735 726 1415
-0.914521 0.048806 0.401585 22.461224 728 1145
0.449697 0.232561 0.862374 20.076577 730 1500
-0.501607 -0.536874 0.678349 20.111271 732 831
0.048305 -0.020517 0.998622 38.899438 735 2395
-0.097093 0.011336 0.995211 26.909466 738 1915
-0.587319 0.737819 0.332686 14.935310 755 1015
0.481445 -0.734552 0.478167 29.239272 758 1397
-0.141284 0.683127 0.716502 31.870695 758 1718
0.059437 -0.820821 0.568084 22.783345 759 1302
0.836865 -0.520941 0.168158 27.616110 762 855
-0.269248 0.942900 0.196073 19.395624 762 897
-0.134348 -0.372213 0.918373 27.124002 771 1934
-0.325591 0.245172 0.913171 26.296193 777 1870
-0.313684 -0.671236 0.671598 27.005667 804 1565
-0.350973 -0.051178 0.934986 27.784785 819 1860
0.185364 -0.875023 0.447186 34.683897 830 2207
-0.268820 -0.340026 0.901176 22.433776 831 2294
-0.341483 -0.401597 0.849770 27.323151 833 1913
-0.319751 0.586793 0.743931 28.948603 840 1561
-0.288869 0.229111 0.929550 42.092956 857 2513
-0.493328 0.868606 0.046382 21.861802 859 1312
0.326524 -0.794100 0.512629 37.838915 859 2101
-0.064858 -0.372019 0.925956 31.792901 859 2656
0.189630 0.494762 0.848087 29.188309 866 1693
0.191769 -0.403858 0.894496 24.840801 868 1831
-0.125107 -0.060965 0.990268 40.185239 875 2711
-0.560238 -0.036743 0.827516 23.650021 876 1747
-0.669118 -0.111576 0.734732 20.942993 881 1159
0.668695 -0.158664 0.726411 25.523452 881 1659
0.823338 -0.418994 0.382829 27.675083 894 1168
0.040098 -0.976657 0.211029 35.417010 894 1348
-0.717369 0.146517 0.681113 20.123248 894 1521
-0.734878 -0.205844 0.646206 34.122728 895 2728
-0.162421 0.037440 0.986011 29.335157 895 3056
-0.548184 0.305697 0.778488 40.492294 895 3178
-0.418751 0.316147 0.851292 20.365050 902 1725
0.409015 -0.626476 0.663501 37.112453 905 2201
-0.138170 0.554852 0.820395 34.286662 905 2382
-0.331887 -0.186016 0.924797 24.627790 906 1867
-0.776600 0.070639 0.626021 25.847825 920 1370
0.778021 -0.024777 0.627750 26.118650 929 1566
-0.458785 0.548867 0.698757 28.168071 929 1710
-0.554745 -0.197761 0.808176 10.897403 932 1344
0.489645 -0.870412 -0.051281 24.379568 960 1076
0.464141 -0.690981 0.554182 19.087426 962 1369
-0.597553 -0.416174 0.685369 30.858904 969 1476
0.195060 -0.539172 0.819296 33.092974 970 2222
0.717047 -0.570573 0.400362 40.257198 977 1572
0.107502 0.123577 0.986495 11.314252 978 1392
0.422805 0.906006 -0.019737 14.768535 979 1018
0.410527 0.009190 0.911802 12.711525 979 1438
-0.638163 0.693590 0.334189 18.585034 981 1167
-0.093571 0.980376 0.173514 9.945757 982 1020
-0.220429 0.973119 0.066717 32.594005 987 1024
-0.495782 0.799180 0.339870 29.204182 993 1586
0.570639 -0.532119 0.625477 12.354617 994 1316
-0.833920 0.112773 0.540241 46.336097 996 2516
0.278047 -0.743586 0.608087 45.409070 1000 3197
-0.762848 0.016245 0.646373 37.273237 1001 2110
-0.515192 0.683636 0.516933 27.321842 1005 1548
0.280987 -0.529595 0.800359 25.653681 1007 1648
0.260115 0.011282 0.965512 37.507152 1009 2630
0.265339 0.401189 0.876723 47.350490 1019 2697
-0.326647 0.708905 0.625104 20.042312 1023 1488
-0.425620 0.839742 0.337166 27.486760 1024 1581
0.782492 -0.564772 0.262183 33.053117 1037 1648
-0.307305 0.535803 0.786434 21.335371 1052 1894
0.996663 -0.045506 0.067770 22.630630 1079 1152
0.565005 -0.774886 0.283410 19.512529 1083 1331
-0.709871 0.624554 0.325599 37.519045 1086 1560
0.605559 -0.769734 0.202009 37.662519 1089 1091
-0.699909 0.688135 0.191304 32.227205 1090 1091
-0.779058 0.340658 0.526328 44.357747 1091 2408
-0.253163 0.321943 0.912283 33.574664 1091 2719
-0.547533 0.827399 0.124976 39.060674 1092 1293
-0.577674 0.698036 0.423129 28.066020 1096 1618
0.457719 0.249544 0.853359 20.986390 1100 1767
0.061398 -0.998103 0.004598 27.205272 1103 1174
-0.438277 -0.006089 0.898819 21.427479 1105 2031
-0.522656 -0.558848 0.643832 16.032961 1106 1535
-0.012801 -0.301355 0.953426 26.267184 1114 1701
0.333114 -0.862774 0.380336 15.207690 1116 1466
-0.233129 -0.498534 0.834934 24.830574 1123 1968
0.630665 0.081112 0.771804 49.620100 1125 2268
-0.408665 0.579893 0.704781 30.031574 1132 1353
-0.368937 0.463992 0.805355 21.237915 1161 2016
-0.307146 0.435251 0.846297 30.675005 1162 2267
0.811999 -0.470904 0.344828 37.659170 1164 1760
-0.382036 0.183202 0.905807 29.774493 1165 2149
-0.267314 -0.949284 0.165542 21.364544 1174 1264
0.048786 -0.497458 0.866115 23.972099 1177 1771
0.534286 -0.647376 0.543546 44.196941 1182 2253
-0.251713 -0.497591 0.830087 27.359939 1188 2206
-0.343871 0.125557 0.930585 39.314687 1192 2393
-0.811371 0.007252 0.584486 13.441765 1194 1428
0.748261 -0.615739 0.246923 20.892399 1195 1378
0.314921 -0.801231 0.508777 25.598872 1197 1963
-0.526356 -0.086502 0.845853 32.043232 1197 2542
0.399591 -0.411628 0.819078 32.638466 1197 2545
-0.067916 -0.619271 0.782234 41.553794 1197 2761
-0.885749 0.422981 0.191142 28.242710 1205 1572
0.002198 -0.988071 0.153984 30.704721 1210 1359
0.033915 0.043855 0.998462 22.338023 1215 2105
0.074007 -0.517883 0.852244 33.589139 1216 1408
0.564668 -0.223191 0.794567 28.167818 1225 2068
0.300008 -0.048237 0.952716 29.467918 1235 2401
-0.102220 -0.603268 0.790960 14.397083 1250 1717
0.381352 -0.715538 0.585300 17.728145 1251 1720
-0.420192 0.366182 0.830270 10.097479 1255 1625
0.176523 -0.583391 0.792777 30.750945 1256 1926
0.574864 -0.150061 0.804372 13.446858 1263 1769
0.134065 -0.230972 0.963680 14.513518 1281 1840
-0.613062 0.160437 0.773573 15.670224 1289 1794
0.340559 -0.737958 0.582612 24.225305 1296 1924
-0.028875 0.996624 0.076855 14.431398 1297 1343
0.172726 0.855716 0.487766 28.350884 1301 1523
0.476217 -0.754824 0.451063 31.451250 1304 2026
-0.299811 -0.301993 0.904938 14.980581 1314 1817
-0.021899 0.210681 0.977309 22.275843 1317 2249
0.636743 -0.768408 0.064085 22.548593 1320 1414
-0.936233 -0.059783 0.346256 13.983943 1329 1554
0.582558 0.264754 0.768460 18.277658 1332 1961
-0.276348 0.715625 0.641493 36.547522 1346 2149
0.422451 -0.891649 0.162781 28.707233 1355 1862
-0.549410 0.407089 0.729676 40.560351 1355 2697
-0.626478 -0.091684 0.774028 26.687085 1356 2374
-0.919796 0.389577 0.046956 22.090024 1360 1402
-0.345300 0.882169 0.320226 36.741207 1360 1812
0.432640 -0.577623 0.692224 37.935287 1360 2479
0.318320 -0.852551 0.414523 19.708705 1365 1778
0.903668 -0.328693 0.274491 22.857691 1370 1954
0.965854 -0.258319 0.019935 28.294794 1371 1427
-0.340864 0.857564 0.385221 15.787963 1379 1509
0.806638 -0.279287 0.520898 38.795238 1386 2313
-0.099513 0.301722 0.948188 36.489600 1386 2904
0.076644 -0.208907 0.974927 18.337162 1387 1848
-0.316885 0.718974 0.618596 44.315097 1391 2553
-0.433746 0.346181 0.831879 27.980564 1402 2377
0.179805 0.586798 0.789517 21.323766 1406 2103
0.008826 0.955841 0.293752 32.003477 1408 2928
0.803913 -0.528061 0.273632 42.679093 1416 1693
-0.150410 -0.852741 0.500209 27.791889 1416 2034
0.420871 -0.133259 0.897279 28.336256 1416 2529
-0.701566 0.653624 0.283868 17.464078 1425 1698
0.608646 -0.665316 0.432324 39.650526 1430 2309
-0.770732 0.218761 0.598427 18.314020 1431 1882
0.326742 0.271965 0.905138 11.187768 1438 1925
-0.504669 0.736556 0.450327 14.679449 1442 1726
-0.069446 -0.637671 0.767172 17.870834 1443 2430
-0.359542 0.066704 0.930742 24.391467 1444 2331
-0.694715 0.537866 0.477568 25.331102 1445 1988
0.527761 -0.841670 0.114280 10.828783 1455 1540
-0.262478 -0.333437 0.905497 22.517098 1458 1645
0.935212 -0.095378 0.341001 20.587005 1459 1837
-0.554907 0.077794 0.828267 23.305310 1470 2457
0.369257 -0.140055 0.918713 25.146735 1472 2589
0.588611 -0.427554 0.686101 20.083686 1477 2361
-0.058994 0.342179 0.937781 29.655769 1488 2157
-0.597785 0.704432 0.382659 31.919352 1491 1987
-0.502080 0.092390 0.859872 36.413985 1500 1876
0.295871 -0.887137 0.354187 26.296219 1508 1843
-0.196722 -0.086566 0.976630 15.143467 1510 2139
0.364836 -0.873487 0.322359 35.609719 1515 1971
-0.594954 -0.064375 0.801178 22.530747 1525 2778
-0.660813 0.227955 0.715096 24.985094 1527 2274
0.211387 -0.613314 0.761027 15.916992 1533 2200
-0.328137 -0.302973 0.894725 19.297542 1549 2754
0.538796 -0.622607 0.567503 22.648859 1550 2214
-0.823901 -0.162237 0.543016 37.637586 1550 2536
-0.002555 -0.049143 0.998788 45.791784 1552 2491
0.106230 -0.559924 0.821706 35.707686 1558 3207
-0.069510 0.996997 0.034150 10.568222 1561 1884
-0.072924 -0.386096 0.919572 27.936477 1561 2945
0.508478 -0.518045 0.687808 23.376085 1562 2312
-0.532128 0.023637 0.846334 32.489005 1572 2770
0.705806 -0.198759 0.679951 25.939126 1575 2560
-0.396432 0.864915 0.307837 21.474382 1585 2100
0.493137 0.849249 0.188657 20.464519 1586 1728
-0.784402 0.611105 0.106133 26.811088 1591 1734
-0.558190 0.758577 0.336131 18.737969 1595 1908
0.009491 -0.597845 0.801556 11.906815 1596 2123
-0.667022 0.003631 0.745029 10.394760 1605 1839
-0.537887 0.689592 0.484913 10.867289 1616 1798
0.217165 -0.200233 0.955378 28.820474 1617 2268
0.200632 -0.922838 0.328810 32.566441 1618 2092
0.595413 -0.238303 0.767265 37.349930 1626 2697
-0.538837 -0.216653 0.814074 20.056710 1631 2384
-0.456382 0.423037 0.782787 17.812186 1640 2172
-0.211494 0.828813 0.518015 25.606066 1643 2752
-0.439319 -0.340295 0.831383 26.907633 1645 3258
-0.713039 0.041328 0.699905 20.734565 1658 2309
0.571090 0.803919 -0.166043 12.817896 1661 1704
0.289264 0.082452 0.953692 19.599237 1665 2462
-0.575364 0.397703 0.714695 46.321682 1666 3132
0.368476 -0.770561 0.520059 24.172240 1669 2228
0.198849 -0.310893 0.929411 24.442730 1671 2730
0.421311 -0.903092 0.083205 5.604289 1675 1722
-0.338385 0.640317 0.689557 22.259333 1676 2373
-0.058370 -0.433884 0.899076 15.182253 1680 2278
-0.370986 0.900851 0.225472 16.366697 1684 1770
0.122319 0.979275 0.161426 29.327135 1691 2615
0.346897 -0.528639 0.774728 29.022453 1691 3437
0.651996 0.183386 0.735711 17.730624 1697 2442
-0.617747 -0.181223 0.765210 31.839835 1701 3393
-0.540481 0.475525 0.694087 33.491924 1715 2725
-0.136607 0.430612 0.892139 26.767325 1718 2775
-0.010569 -0.837496 0.546342 19.787593 1721 2235
0.173061 -0.547312 0.818841 19.253939 1729 2433
-0.521925 -0.245237 0.816978 14.091437 1731 2284
-0.031786 -0.589511 0.807135 20.266212 1732 2386
-0.131588 0.283771 0.949820 15.598595 1735 2484
0.068620 -0.699563 0.711269 30.493724 1739 2705
-0.680428 0.268708 0.681773 44.723112 1760 3092
0.160921 -0.374560 0.913131 45.239145 1760 3675
-0.634186 0.228327 0.738698 18.525089 1764 2375
0.537950 -0.671273 0.509905 15.415961 1766 1982
-0.031562 0.994291 0.101928 22.338458 1767 1932
-0.240641 0.074374 0.967761 17.297255 1769 2515
0.454759 0.749129 0.481663 11.901610 1770 2106
-0.496675 0.659633 0.564091 18.430860 1777 2253
0.108984 0.509394 0.853605 16.705733 1790 2348
-0.827038 0.158175 0.539433 11.083950 1791 2304
0.653297 -0.515470 0.554521 22.761630 1801 2149
-0.484739 0.575891 0.658314 32.171654 1806 2730
-0.500182 0.256560 0.827040 27.387653 1810 2157
-0.000989 0.879041 0.476745 11.570257 1811 1982
0.712071 -0.677266 0.185111 20.420057 1840 2045
-0.897448 0.293218 0.329562 44.771487 1847 2401
-0.842404 0.062247 0.535240 24.546960 1852 2268
-0.341571 -0.830473 0.440049 24.954199 1859 2374
-0.642277 0.730812 0.231072 26.838330 1860 2154
0.575619 -0.696422 0.428554 35.117750 1868 2522
-0.636041 0.569973 0.520175 19.244308 1873 2289
-0.597240 -0.310271 -0.739619 23.004872 1876 2125
-0.255098 0.819431 0.513281 28.009860 1876 3033
-0.691788 0.155824 0.705088 29.708109 1876 3840
-0.203349 0.112005 0.972679 11.463594 1888 2414
-0.614541 -0.667977 0.419699 24.322432 1897 2376
0.166927 -0.757042 0.631683 38.595574 1898 2960
0.052158 -0.943602 0.326947 6.859426 1902 1990
0.559127 -0.599949 0.572222 22.021833 1911 2675
0.439048 0.206150 0.874493 19.404483 1916 2679
-0.262144 0.488553 0.832224 41.415474 1933 3479
-0.808195 0.547847 0.216065 25.924869 1937 2199
-0.529341 0.076473 0.844956 26.945811 1944 2436
0.529169 -0.468653 0.707350 20.227584 1955 2626
-0.409167 -0.415975 -0.812125 25.250495 1956 2005
-0.486473 0.144491 0.861665 35.801732 1956 4387
0.200278 0.164027 0.965911 9.050097 1958 2302
0.109575 -0.440597 0.890992 13.344060 1961 2585
-0.717558 -0.082099 0.691643 16.360933 1962 2217
-0.405707 -0.334568 0.850568 10.288822 1966 2405
0.233509 -0.396954 0.887638 42.727412 1971 3670
-0.586936 0.422869 0.690425 16.608677 1977 2602
0.219934 -0.820263 0.528013 33.510459 1978 2157
0.659496 -0.716050 0.228774 28.652484 1982 2331
-0.045271 -0.569002 0.821089 27.375914 1984 2867
0.306258 0.949049 0.074240 13.890572 1989 2108
0.202680 0.727198 0.655823 19.408974 1996 2618
0.598332 -0.034883 0.800489 9.390730 2009 2357
0.563983 -0.740573 0.365342 14.740254 2015 2314
-0.718722 -0.082348 0.690404 12.656159 2015 2463
0.814536 -0.486417 0.316116 27.931754 2018 2268
0.387642 -0.344343 0.855080 8.522446 2027 2274
-0.536960 0.044352 0.842441 13.578053 2033 2615
-0.566003 -0.653057 0.503148 12.168493 2034 2252
-0.541371 0.621759 0.565980 18.723494 2043 2580
-0.156688 0.034232 0.987055 18.757044 2051 2766
-0.501430 -0.561026 0.658648 10.600594 2058 2425
0.327037 -0.937666 0.117596 13.774301 2062 2198
0.583902 0.767663 0.264106 12.203680 2063 2163
-0.120842 0.580689 0.805107 11.044070 2069 2437
0.400099 -0.187141 0.897161 14.139930 2071 2670
-0.141000 0.202309 0.969118 35.236480 2074 3388
0.911379 -0.317079 0.262392 29.174867 2075 2442
-0.263474 0.432617 0.862220 13.048129 2077 2578
-0.640157 0.250038 0.726416 15.409096 2080 2581
-0.110210 -0.121101 0.986503 36.801871 2084 3758
0.853519 -0.366354 0.370526 15.335443 2094 2269
-0.365791 0.255822 0.894847 14.496257 2107 2658
-0.149321 0.183180 0.971673 18.667379 2116 2931
0.222242 -0.732283 0.643716 23.573438 2122 2835
-0.451512 -0.689633 0.566165 13.130784 2126 2489
-0.387162 -0.685361 0.616754 39.227686 2129 2897
0.067250 0.803589 0.591373 5.580036 2140 2220
0.008243 -0.186769 0.982369 21.305384 2142 3044
-0.632613 0.713599 0.300961 23.835780 2149 2726
-0.447821 0.743841 0.496141 46.705137 2149 3368
0.240034 -0.347582 0.906405 26.683286 2149 3419
-0.068277 0.668699 0.740392 18.566862 2155 2735
-0.701426 0.709079 -0.072168 38.201443 2157 2650
-0.163785 0.977308 0.134326 31.069210 2157 3008
0.023957 0.029954 0.999264 30.946858 2157 4265
-0.254643 0.624418 0.738417 23.507162 2161 2961
-0.165136 0.339868 0.925861 18.808436 2169 3023
0.214136 -0.561952 0.798971 13.834862 2170 2666
-0.452567 -0.891540 -0.018437 22.657071 2172 2340
-0.149463 -0.509717 0.847260 19.470086 2177 2750
0.421816 -0.269240 0.865783 18.495690 2181 2982
0.910946 0.330550 0.246809 8.533735 2183 2307
-0.676074 0.448005 0.584992 12.346695 2183 2585
0.218758 -0.733232 0.643829 16.449956 2202 2741
-0.267645 0.847527 0.458328 14.294115 2206 2291
0.121311 -0.744243 0.656799 22.134736 2206 2888
0.254700 -0.120839 0.959440 3.866439 2208 2392
0.333986 -0.445358 0.830728 22.015348 2212 3076
-0.715058 0.357894 0.600503 22.910877 2213 3034
0.218990 -0.735109 0.641606 35.119838 2214 2897
-0.704352 0.642286 0.302252 14.571258 2221 2404
-0.147088 -0.486486 0.861218 12.437722 2230 2598
-0.576726 -0.038756 0.816018 14.280076 2237 2735
0.068662 -0.671802 -0.737541 20.770189 2245 2284
0.511918 -0.852476 -0.105944 25.253092 2245 2784
-0.457556 0.598856 0.657278 20.448172 2263 2360
-0.060600 0.780174 0.622620 26.148338 2267 2948
0.669866 -0.736365 0.095110 37.474175 2268 3002
0.502174 -0.421285 0.755209 31.026804 2268 3898
0.025875 0.544308 0.838487 44.762088 2268 4648
-0.060402 -0.585216 0.808625 24.994300 2271 3281
-0.549126 0.569074 0.612058 13.573073 2276 2324
0.615208 -0.405143 0.676297 18.695121 2284 2784
-0.383997 -0.385597 0.838964 23.236175 2327 3375
-0.892537 -0.120387 0.434609 10.080199 2328 2475
-0.052067 -0.436722 0.898089 46.398925 2331 3426
-0.299921 0.184972 0.935859 18.161687 2339 2933
0.536214 -0.752321 0.382738 27.891705 2341 2750
0.583075 0.404007 0.704842 39.072081 2341 3388
-0.866315 -0.050058 0.496983 39.287801 2345 2897
-0.777687 0.130491 0.614959 31.532367 2346 3454
-0.588794 -0.619281 0.519435 13.395923 2348 2715
-0.055898 -0.540222 0.839664 16.573061 2363 3046
-0.196825 0.218164 0.955858 26.631147 2374 3422
-0.181538 -0.640972 0.745788 46.171669 2374 4007
-0.539334 0.750815 0.381307 14.880848 2375 2603
0.329429 -0.845392 0.420462 27.153116 2375 2921
0.170205 0.258318 0.950948 22.178028 2378 3239
0.002722 -0.623256 0.782013 35.966664 2390 3695
-0.995680 -0.078738 -0.049212 19.335344 2394 2750
0.173811 0.365056 0.914617 32.222326 2394 4384
-0.511009 -0.303692 0.804140 10.333236 2398 2804
0.212585 -0.921287 0.325634 8.668038 2399 2541
0.364777 -0.529726 0.765721 14.540193 2407 2907
0.122338 -0.979391 0.160705 39.632098 2409 2686
0.378111 -0.733014 0.565440 36.702161 2410 3315
-0.314425 0.393140 0.864048 18.424801 2411 3134
0.588107 -0.804959 0.078556 10.561377 2431 2515
0.861355 -0.213992 0.460733 25.219263 2433 2874
0.191296 -0.197639 0.961428 34.759075 2453 5018
-0.222127 -0.264328 0.938504 22.076282 2471 4076
0.781083 -0.525955 0.336570 31.227961 2473 2474
-0.015978 -0.752799 0.658057 40.251561 2473 3679
0.118360 -0.526347 0.841992 28.638281 2490 2491
-0.575843 0.124097 0.808087 14.001104 2490 2981
0.650802 -0.029783 -0.758663 29.858277 2491 2539
-0.476516 0.699505 -0.532564 24.032921 2491 2981
0.727418 -0.604197 -0.325285 29.993966 2491 3208
0.928785 -0.370419 0.012205 29.559295 2491 3654
-0.015929 0.547966 0.836349 32.093036 2491 4941
0.186591 0.228074 0.955597 47.542935 2491 5056
0.584549 -0.543367 0.602540 15.265638 2495 2846
-0.438563 0.158286 0.884651 30.211839 2498 3714
0.268784 -0.328655 0.905396 41.450692 2504 3471
-0.299564 0.780836 0.548230 32.142929 2513 3286
-0.558641 0.014885 0.829276 33.238049 2514 3867
-0.572582 0.081224 0.815814 28.590116 2520 3064
0.306463 -0.423938 0.852266 37.215687 2522 4019
-0.520667 -0.296000 0.800806 16.678083 2534 2799
0.340321 -0.373459 0.862966 11.114615 2545 2900
0.398902 0.029884 0.916506 24.022591 2552 3518
-0.817069 0.379156 0.434326 4.370417 2559 2599
-0.125630 -0.804663 0.580288 26.659315 2564 2604
-0.802477 -0.512618 0.305373 24.641366 2584 2896
-0.008460 0.324402 0.945881 10.283154 2585 2844
-0.503303 -0.530620 0.682003 39.186771 2598 3900
0.338198 -0.921379 0.191529 25.307848 2600 2697
0.056586 -0.994080 0.092755 20.501851 2602 2651
-0.477067 0.287664 0.830456 23.060474 2604 3957
-0.597281 0.768499 0.229488 14.782429 2613 2784
-0.919299 0.282968 -0.273530 33.318873 2632 2681
0.052682 -0.410336 0.910411 23.229998 2632 3889
-0.464616 -0.356358 0.810643 18.684024 2634 3357
0.078095 0.872479 0.482371 21.546308 2641 2995
-0.165481 0.510239 0.843962 27.692418 2663 3638
0.037730 -0.048914 0.998090 27.338799 2685 3948
-0.533051 -0.684293 0.497595 23.707863 2687 3084
-0.058402 0.159724 0.985433 33.682656 2687 4203
0.415832 -0.396607 0.818405 34.035222 2697 4315
-0.466895 0.046356 0.883097 23.250640 2698 3679
0.523318 -0.572991 0.630730 24.656240 2703 3600
0.333236 -0.753172 0.567173 15.422722 2708 3030
-0.359234 -0.753262 0.550951 33.168590 2711 3556
-0.027784 -0.800595 0.598562 21.443620 2721 3320
-0.467312 0.553501 0.689388 23.561712 2724 3467
-0.425177 -0.075357 0.901968 42.825300 2725 4602
-0.432083 -0.372131 0.821476 26.793705 2729 3094
-0.454928 0.633730 0.625641 25.425256 2734 3679
0.775676 -0.616819 0.133647 24.589949 2750 3115
-0.508819 0.009105 0.860825 31.152892 2750 4231
-0.844869 0.410141 0.343484 40.695691 2754 2977
-0.344876 -0.335243 0.876740 45.963607 2754 4239
-0.481050 0.425233 0.766661 15.273497 2781 3238
-0.169691 0.141425 0.975297 12.290666 2785 3153
-0.012945 -0.625707 0.779951 33.878486 2788 3341
-0.491306 0.770656 0.405842 30.398212 2791 3600
0.655587 0.011656 0.755030 26.429538 2794 3388
-0.253589 -0.511007 0.821319 20.916342 2795 3498
-0.759819 -0.218563 0.612296 17.973367 2799 3388
-0.341359 0.567175 0.749524 20.548159 2806 3570
-0.085589 -0.268186 0.959558 20.575331 2807 3661
-0.123645 -0.144678 0.981723 35.041068 2813 5722
-0.678349 0.247021 0.691970 19.096555 2818 3466
-0.349341 0.801208 0.485826 31.301306 2825 3534
-0.869639 -0.055005 0.490615 12.366560 2837 3160
-0.016433 -0.441907 0.896910 13.828854 2842 3608
-0.065733 -0.045899 0.996781 19.124150 2846 3849
0.537683 -0.705916 0.461064 16.179808 2852 3085
-0.655985 0.701803 0.277769 39.531214 2853 3315
0.185953 0.663353 0.724834 25.652710 2856 3418
-0.844321 -0.229050 0.484415 36.223751 2856 3670
-0.349062 0.807947 0.474738 21.599833 2864 3724
-0.151165 0.785415 0.600227 17.817559 2867 3423
-0.501291 -0.028076 0.864823 20.316709 2868 3726
0.018282 -0.081906 0.996472 30.887871 2885 3972
-0.358295 -0.549777 0.754566 17.166216 2896 3653
0.900425 0.429740 0.067517 34.586563 2897 3355
0.691668 -0.517593 0.503679 39.897954 2897 4192
-0.761408 0.032105 0.647478 43.165324 2897 4631
-0.865377 -0.006360 0.501080 15.252962 2904 3270
-0.034816 -0.602649 0.797246 17.156428 2904 3572
0.559148 -0.672939 0.484259 14.229362 2911 3176
-0.535879 0.822465 0.190747 10.813722 2913 3052
-0.442800 0.143942 0.884991 13.513073 2917 3476
0.445623 -0.858617 0.253372 12.171578 2918 3006
-0.275424 0.084279 0.957621 34.866070 2921 4615
0.431502 -0.657651 0.617496 23.390233 2933 3971
0.240869 -0.783818 0.572373 15.814049 2947 3365
-0.701928 0.137684 0.698814 16.322145 2956 3474
0.366352 -0.837201 0.406056 19.740044 2965 3430
0.066777 0.196809 0.978165 14.371877 2972 3737
0.407637 -0.706128 0.578978 45.459076 2977 4239
0.419965 -0.477704 0.771640 36.635826 2977 4288
0.399462 -0.686372 0.607720 14.319853 2982 3454
-0.685598 0.119815 0.718053 34.478592 2991 3569
0.246525 0.431354 0.867847 20.902765 2993 3947
-0.025294 0.945318 0.325168 24.203140 2996 3463
-0.436702 0.120159 0.891546 13.421297 2999 3669
-0.170994 -0.306748 0.936305 38.819261 3002 4698
-0.685831 0.287236 0.668679 39.440687 3003 3897
0.355553 -0.080720 0.931164 18.387206 3031 3841
0.138516 0.096693 0.985629 21.711572 3033 4627
0.933741 -0.357947 0.001487 14.757707 3037 3038
0.330569 -0.708098 0.623956 34.522616 3042 4151
0.455222 -0.870240 0.188294 29.083680 3047 3315
-0.625555 0.495993 0.602222 25.608765 3051 3670
-0.610459 0.330935 0.719598 25.389613 3055 3900
-0.604449 0.756665 0.249199 26.222120 3064 3290
0.490292 -0.778623 0.391612 5.433016 3069 3248
-0.132356 -0.395483 0.908887 6.745626 3069 3436
0.159723 -0.505218 0.848082 7.892007 3074 3386
0.481805 -0.858246 0.176856 21.239702 3079 3211
-0.352390 0.914652 0.198073 13.191560 3084 3364
-0.409925 0.877098 0.250322 32.504261 3111 3491
-0.069101 -0.087522 0.993763 23.598337 3115 3882
-0.192779 0.274814 0.941973 26.013141 3116 4235
0.126962 -0.950793 0.282618 21.715994 3117 3350
0.694729 -0.525543 0.491076 13.615350 3120 3453
-0.971642 -0.226421 0.068160 18.295828 3121 3262
-0.795834 0.389126 0.463928 21.554780 3123 3709
0.451167 0.009589 0.892388 18.096375 3128 3892
0.523021 -0.820045 0.232325 20.552770 3135 3772
-0.199509 0.364050 0.909761 14.008163 3158 3799
-0.046505 -0.022216 0.998671 22.371310 3161 3645
-0.533915 0.405130 0.742162 13.261693 3171 3668
0.205955 -0.485784 0.849468 29.850609 3172 3174
0.704842 -0.669856 0.233432 27.951324 3174 4601
-0.536884 -0.088772 0.838972 30.015882 3174 5523
-0.405024 -0.435604 0.803869 29.930597 3174 5524
0.456796 -0.447323 0.768921 38.849706 3174 5723
-0.132975 -0.538685 0.831947 20.837982 3180 4008
-0.470277 0.335780 0.816144 15.846554 3187 3826
0.741399 -0.259165 0.619000 44.662728 3197 3383
0.075592 0.279666 0.957117 40.557679 3197 4021
0.339699 -0.614505 0.712031 15.396042 3213 3809
0.672487 -0.708346 0.214493 37.289100 3236 3679
-0.240636 -0.074134 0.967780 21.820644 3245 4123
-0.594058 -0.699586 0.397082 6.586876 3247 3296
-0.637573 0.280100 0.717666 5.578322 3248 3436
-0.008363 -0.991491 0.129906 35.629050 3253 3446
-0.375320 -0.025944 0.926532 13.270510 3273 4064
0.452516 -0.546324 0.704811 30.116987 3274 4307
0.009791 0.981787 0.189730 34.544750 3279 3579
-0.058688 0.434813 0.898606 22.186172 3279 4311
0.240984 -0.532245 0.811568 18.567925 3280 3956
-0.782827 0.507981 0.359357 24.162025 3281 3624
-0.366991 -0.882018 -0.295571 14.172668 3283 3328
0.276354 -0.485358 0.829491 26.098466 3290 4986
0.307181 0.889658 0.337858 16.740195 3301 3933
-0.864996 -0.439403 0.242297 35.726765 3302 3388
-0.349221 0.593565 0.725070 19.076246 3309 3988
0.669493 -0.361949 0.648669 21.413974 3311 3947
-0.440966 -0.002257 0.897521 22.208836 3311 4101
-0.734922 0.416538 0.535150 18.254736 3312 3760
0.654047 -0.587969 0.475935 32.192997 3315 4103
-0.356717 0.512830 0.780870 48.003649 3315 4798
0.573784 -0.818979 -0.006784 27.190720 3316 3319
-0.084905 0.426202 0.900635 39.468384 3316 4966
-0.578195 0.407581 0.706802 22.067314 3331 4078
0.048098 -0.734479 0.676925 28.913785 3349 4232
-0.736676 -0.342608 0.583034 10.946383 3351 3751
0.935948 -0.254056 0.243839 11.553653 3355 3456
-0.144264 -0.568588 0.809874 28.558826 3359 4061
0.600887 -0.751754 0.271664 21.257127 3363 3715
-0.589790 0.670955 0.449407 17.974204 3365 3857
0.529886 -0.672200 0.517077 21.786455 3370 3902
0.904062 -0.427127 -0.015273 31.461092 3388 3648
-0.931305 0.111160 0.346864 32.091278 3388 4283
0.163718 -0.638481 0.752023 14.783066 3390 3981
-0.565543 -0.051588 0.823104 12.379048 3402 3890
-0.069733 -0.763277 0.642297 13.450541 3410 3895
0.448078 -0.552785 0.702606 15.133449 3414 3996
-0.203094 0.167899 0.964657 23.427390 3418 5025
-0.049950 -0.519830 0.852808 26.656360 3421 4563
-0.190823 -0.534533 0.823323 17.509951 3422 4213
0.013750 -0.638346 -0.769627 22.788023 3426 3480
-0.212446 0.896868 -0.387937 34.413410 3426 3683
0.185442 -0.961509 -0.202762 22.435984 3426 4081
-0.014231 0.458177 0.888747 28.858373 3426 5638
-0.161081 -0.293918 0.942160 34.176492 3426 5872
-0.280415 0.207111 0.937269 6.489446 3435 3790
0.264814 0.556042 0.787839 21.221711 3438 4278
-0.796912 0.583492 0.156425 28.209989 3439 3795
0.276047 0.247324 0.928778 24.633917 3440 4461
0.083348 -0.938532 0.334978 18.390445 3444 3925
-0.395058 0.587466 0.706267 12.810370 3451 4096
0.354420 -0.521357 0.776256 18.594436 3454 3561
-0.798582 -0.153462 0.581994 30.128717 3454 4049
0.588454 -0.808174 0.024017 13.833572 3465 3466
0.484723 -0.844283 0.228539 31.094487 3470 3819
0.946563 -0.064105 -0.316083 19.622634 3471 4076
-0.810929 0.398993 0.428018 25.471825 3471 4557
0.248202 -0.054188 0.967192 43.002926 3471 6385
0.552442 0.581257 0.597451 31.745849 3476 4313
-0.019393 -0.432729 0.901316 15.636381 3477 4166
-0.305675 0.671548 0.674971 12.044600 3486 4082
0.011175 0.569826 0.821689 17.268101 3489 4131
-0.195310 -0.686971 0.699947 23.363271 3499 4341
0.603606 -0.572674 0.554711 21.956465 3512 4153
0.375132 -0.630009 0.679974 23.329158 3519 4449
-0.712571 -0.653408 0.255539 27.709279 3522 3900
-0.375986 0.714582 0.589922 21.853756 3524 4163
0.060237 0.507225 0.859706 17.293760 3543 4332
-0.668260 -0.400850 0.626696 31.311460 3551 4831
-0.447696 0.638538 0.625969 22.356943 3558 4189
0.094649 -0.765506 0.636429 36.131855 3561 5193
-0.281337 -0.628291 0.725327 23.440548 3568 4195
0.908512 -0.413871 0.057588 43.268747 3569 3612
0.610711 -0.671379 0.419860 31.280241 3569 4792
-0.711405 0.097219 0.696025 25.834166 3576 4446
-0.137459 -0.732552 0.666687 17.112268 3586 4170
0.745109 -0.587990 0.314770 19.244439 3595 4018
0.250949 -0.534296 0.807188 48.566154 3600 5324
-0.515847 -0.279233 0.809895 22.372373 3608 4245
-0.350330 -0.262694 0.899033 21.625144 3621 4559
-0.328486 -0.495148 0.804317 20.323266 3640 4420
0.069390 -0.622244 0.779742 17.318763 3653 4243
-0.825457 0.467116 0.316896 19.765840 3661 4098
0.214468 -0.955254 0.203701 37.514470 3664 4151
0.465259 -0.598237 0.652416 39.319504 3665 4898
0.351753 -0.886453 0.300783 13.206557 3669 3817
-0.198718 -0.774326 0.600775 24.571992 3670 4356
0.798359 0.359740 0.482919 26.519348 3682 4269
-0.391751 -0.030254 0.919574 30.053340 3685 5086
0.183038 -0.044167 0.982113 7.899596 3687 4013
0.043052 -0.830283 0.555676 16.717673 3690 4083
0.363932 -0.524357 0.769807 36.812653 3695 4995
0.369258 -0.795217 0.480914 16.255591 3701 3926
0.367769 -0.219979 0.903524 23.725731 3706 4588
0.374855 -0.035387 0.926408 13.002641 3716 4305
-0.022058 -0.647492 0.761753 21.412962 3719 4650
0.041103 0.914439 -0.402631 15.072378 3730 3959
-0.099373 -0.856556 0.506395 25.162104 3737 4375
-0.472446 0.881197 0.016941 20.869851 3739 3924
-0.843153 0.011693 0.537547 24.281353 3739 4519
-0.058175 -0.971660 0.229112 20.106202 3746 4039
-0.628090 -0.505150 0.591884 19.384434 3747 4093
0.737768 -0.275744 0.616168 11.634168 3753 4097
-0.577907 -0.478037 0.661440 28.451567 3755 4634
0.543870 -0.590907 0.595847 21.854378 3761 4399
0.266921 -0.246694 0.931609 36.728752 3767 5344
-0.072173 0.240090 0.968064 16.780951 3769 4550
-0.274323 0.173861 0.945790 21.319790 3772 4603
-0.114402 -0.197822 0.973539 29.021019 3774 5159
-0.202418 0.138639 0.969436 20.536683 3783 4760
0.194382 -0.801819 -0.565068 32.791621 3787 4015
0.685760 -0.584430 0.433792 26.704578 3787 5544
0.007690 -0.140582 0.990039 35.570625 3787 6613
0.277705 -0.790007 0.546597 30.163495 3795 4515
-0.606259 0.288314 0.741165 19.879972 3796 4822
-0.305439 0.809688 0.501112 30.755792 3806 4470
-0.709070 -0.400358 0.580459 35.864369 3806 4681
-0.542781 -0.158398 0.824802 22.860302 3813 4955
0.697840 -0.707690 0.110432 19.166052 3816 3893
-0.760441 -0.379465 0.527007 21.966393 3823 4313
0.668180 -0.221871 0.710147 29.713130 3842 4683
-0.071316 -0.690003 0.720284 16.137126 3845 4434
0.430115 -0.834091 0.345388 28.634825 3867 4367
-0.026503 0.883639 0.467419 20.775615 3876 4280
-0.012836 0.824529 0.565673 10.631015 3877 4377
0.494042 -0.456269 0.740095 17.955681 3877 4624
0.035753 0.182886 0.982484 33.914505 3883 5649
-0.206895 -0.552378 0.807510 32.004258 3900 5160
-0.485319 -0.252071 0.837213 38.154881 3900 5489
-0.438444 -0.153130 0.885617 19.918854 3903 4260
0.224856 0.052640 0.972969 10.305640 3904 4312
-0.353365 0.570560 0.741347 16.501662 3922 4823
-0.295173 0.369915 0.880929 31.378571 3927 4185
0.508237 -0.768401 0.388916 40.018751 3933 4629
-0.186034 -0.604517 0.774565 18.664028 3951 4696
-0.169086 0.092519 0.981249 23.894660 3953 4968
0.208715 0.097670 0.973087 22.399388 3956 5079
-0.185701 0.227718 0.955855 14.133165 3960 4619
0.074189 -0.405421 0.911115 39.619075 3961 6531
-0.199495 0.964098 0.175261 8.519856 3962 4086
0.168575 0.372188 0.912721 11.406069 3962 4573
-0.631726 0.555111 0.541086 27.069839 3968 4772
0.190772 -0.206755 0.959614 24.595967 3972 5555
-0.770568 -0.559908 0.304511 15.025647 3974 4285
-0.258546 -0.276650 0.925537 23.693371 3977 5004
0.133851 -0.611626 0.779742 20.895096 3987 4847
-0.107770 -0.217628 0.970064 5.701080 3988 4059
-0.333073 -0.921379 -0.200308 9.778135 3992 4065
-0.515853 -0.401158 0.756947 16.954638 3996 4554
-0.388063 -0.012513 0.921548 27.464013 3997 5157
-0.234232 0.359028 0.903457 14.091061 3998 4648
0.079659 0.089147 0.992828 34.504347 4012 4617
-0.027251 -0.521666 0.852714 26.899484 4018 5173
0.582964 -0.812364 0.014731 27.001963 4028 4030
0.645889 -0.763166 0.020120 28.415365 4030 4135
0.547718 -0.459480 0.699202 22.005516 4036 4883
-0.890893 0.428159 -0.151620 24.668386 4061 4099
-0.900208 -0.128075 0.416199 7.025593 4065 4066
0.176526 -0.249728 0.952089 8.743589 4065 4488
0.817103 -0.133317 0.560865 9.629108 4066 4488
-0.208210 -0.070650 0.975529 7.761698 4066 4642
-0.591657 0.073719 0.802812 20.167842 4067 4900
0.419013 0.648646 0.635363 34.792865 4067 4966
0.075510 -0.233194 0.969494 9.270008 4073 4609
-0.129712 0.274676 0.952748 12.336842 4074 4654
0.030824 -0.272053 0.961788 15.096926 4075 4859
-0.395252 0.669140 0.629307 25.887952 4075 4974
-0.684305 -0.262735 0.680218 18.560823 4084 4710
0.542893 -0.821346 0.175093 18.245713 4085 4123
0.347938 -0.381204 0.856518 10.411173 4086 4573
-0.565859 0.351953 0.745609 14.595364 4088 4815
-0.372520 0.892534 0.254191 18.300179 4090 4274
-0.287730 0.768012 0.572161 15.305156 4092 4521
0.033452 -0.157967 0.986878 19.280837 4104 5298
-0.457249 -0.496084 0.738122 11.664129 4107 4489
-0.695423 0.546080 0.467101 16.831058 4107 4650
0.427079 -0.501485 0.752407 29.026094 4132 5176
-0.732982 -0.201707 0.649656 14.611958 4148 4481
0.710111 -0.251049 0.657812 16.582003 4149 4744
-0.131559 0.125128 0.983380 18.051719 4171 5031
-0.006699 0.977889 0.209019 20.137799 4173 4367
0.201927 -0.703980 0.680909 10.748399 4177 4416
0.338537 -0.346387 0.874877 21.681387 4186 5232
0.252458 -0.280859 0.925950 26.590366 4203 5203
-0.783176 -0.171348 0.597725 12.207798 4204 4547
0.661111 -0.748929 0.045140 18.521820 4210 4211
0.112403 -0.082679 0.990217 16.031307 4227 4998
0.376610 -0.851049 0.365897 17.869287 4233 4528
-0.201948 0.570236 0.796271 16.858362 4234 4883
0.166906 -0.819514 0.548215 7.163829 4246 4293
0.554486 -0.738286 0.384031 28.812647 4248 4793
0.029654 0.999540 0.006332 17.205413 4263 4614
0.288525 -0.955322 0.064138 33.090173 4263 4759
0.249334 -0.968417 0.000785 22.526395 4297 4298
-0.836024 -0.250153 0.488352 26.611454 4299 5018
-0.690210 0.695136 0.200990 29.404066 4307 4549
0.158937 0.803444 0.573774 37.019307 4313 5451
0.509388 -0.494951 0.703952 30.717837 4313 5536
-0.430711 0.120636 0.894391 26.544176 4313 5631
0.270842 -0.709943 0.650096 25.127471 4316 5083
0.496985 -0.793974 0.350157 18.011420 4320 4453
-0.846189 0.256877 0.466881 15.750112 4321 4616
0.662225 -0.685798 0.301892 16.308138 4323 4507
-0.695034 0.415177 0.586988 26.612184 4334 5099
0.312739 0.944535 0.100238 9.872572 4335 4378
0.566217 -0.797703 0.207528 15.745923 4335 4520
-0.876712 0.173279 0.448721 11.194118 4345 4471
0.553473 -0.715759 0.425860 24.881902 4354 5024
0.575481 -0.523800 0.628056 17.393651 4362 5130
0.186479 -0.526536 0.829449 19.989495 4397 5292
-0.410263 -0.568423 0.713148 22.849853 4400 5201
0.380083 -0.294127 0.876941 32.880456 4412 5875
0.639231 -0.763736 0.089951 25.127831 4433 4635
0.062676 -0.723068 0.687927 25.798301 4446 5244
-0.437964 0.066708 0.896514 28.416184 4446 5624
-0.744816 0.663543 0.070423 29.515727 4449 4554
-0.101579 -0.638611 0.762796 18.281810 4452 5165
-0.047838 0.148509 0.987753 20.715394 4485 5665
0.416544 -0.854395 -0.310646 15.503934 4487 4852
0.520752 -0.837572 0.165200 27.827157 4487 5246
-0.575050 0.333337 0.747130 18.286447 4509 5089
0.975215 0.201796 0.090740 17.159573 4527 4627
-0.100219 -0.020613 0.994752 19.474161 4544 5522
0.927546 -0.012048 0.373514 6.613981 4546 4600
0.625763 -0.747295 0.223543 18.048422 4570 4763
0.051182 -0.373092 0.926382 24.290931 4573 4916
-0.144926 -0.205777 0.967808 26.123554 4582 5847
-0.921236 0.093754 0.377537 21.983992 4593 5112
-0.074074 0.132343 0.988432 20.006326 4599 5521
0.423078 -0.455847 0.783077 8.128983 4600 4967
0.631694 -0.622877 0.461505 14.246250 4620 4989
-0.717524 -0.436444 0.542840 32.846472 4629 5559
0.238873 -0.688088 0.685182 12.327839 4631 5055
-0.690568 -0.012084 0.723167 14.159866 4631 5145
-0.644283 0.238313 0.726709 19.198598 4633 5284
-0.126248 -0.964991 0.229901 16.473606 4641 4954
0.067076 -0.371589 0.925971 16.207993 4650 5346
-0.820625 0.371984 0.433823 12.822618 4651 5025
0.296384 0.669930 0.680699 23.386193 4656 5536
-0.575317 0.637056 0.513001 22.981411 4657 5163
-0.146825 0.393403 0.907566 12.109969 4673 5271
0.482872 -0.778563 0.400843 14.302273 4678 4929
0.937316 -0.336176 0.091779 9.992764 4682 4782
0.915140 -0.383144 0.125379 20.125837 4683 4785
-0.588382 0.390182 0.708212 41.819275 4698 6138
0.466303 -0.276383 0.840342 52.706112 4698 6790
0.218884 -0.833773 0.506866 21.964414 4701 5252
-0.299764 -0.067467 0.951625 35.154410 4708 5218
0.036126 0.989221 0.141901 16.280464 4712 4818
-0.365919 0.000535 0.930646 15.602032 4713 5461
-0.507729 0.838130 0.199372 10.329615 4714 4872
-0.174709 0.305173 0.936133 14.438493 4723 5329
0.901705 -0.412811 -0.128509 12.530966 4727 4728
-0.519104 -0.619028 0.589351 11.999937 4735 5109
0.051515 -0.797022 0.601749 15.060222 4736 5191
0.099773 -0.786011 0.610108 43.331753 4738 5430
-0.453788 0.890718 0.026432 16.306591 4755 5027
0.075090 -0.737791 0.670840 35.755013 4764 5971
-0.527069 -0.392988 0.753498 30.750421 4767 5879
0.238216 -0.667274 0.705690 24.319959 4772 5602
-0.391608 0.729796 0.560394 14.733305 4776 5230
-0.820505 0.407353 0.401041 23.178669 4793 5239
0.746890 -0.437233 0.500982 46.208149 4798 6379
0.591940 -0.439417 0.675663 16.306470 4799 5296
-0.280627 -0.737810 0.613909 18.597892 4804 5392
0.361528 -0.907336 0.214565 38.127001 4821 5224
0.230409 -0.967409 0.105027 20.273188 4822 5177
-0.086070 -0.856054 0.509670 16.147419 4834 5281
0.902492 -0.142285 0.406526 8.922995 4842 4945
-0.158867 0.983148 -0.090453 38.461291 4844 5193
-0.429397 0.245394 0.869137 23.506519 4847 5766
-0.545437 0.222051 0.808203 30.857360 4849 5430
-0.971919 0.223732 0.072920 6.992055 4854 5023
-0.345965 0.001702 0.938246 42.756608 4857 6790
0.931482 0.314983 0.182008 10.628224 4858 5081
0.162159 -0.986730 -0.008242 17.992196 4865 4866
0.547209 -0.826713 0.130799 30.490490 4873 5047
0.198301 0.815149 0.544251 18.345317 4883 5373
-0.787439 -0.161690 0.594808 30.267345 4888 4937
0.526715 -0.830409 0.181637 33.156300 4890 5193
-0.544189 0.753630 0.368647 23.122324 4898 5343
-0.094607 -0.137637 0.985954 24.374042 4904 6057
-0.300853 0.069666 0.951123 31.524446 4905 6387
0.193443 0.233401 0.952945 26.322431 4922 6069
0.040659 -0.537996 0.841966 14.999274 4930 5557
-0.220824 -0.283567 0.933181 23.634740 4937 6699
0.428638 -0.308040 0.849341 21.888636 4941 5056
0.387082 -0.514691 0.765024 11.663588 4942 5285
-0.711875 0.560689 0.422920 25.089396 4952 5706
-0.325600 -0.645035 0.691313 24.555341 4966 5950
-0.271648 0.331941 0.903340 25.854240 4966 6186
0.266604 0.299256 0.916170 19.853016 4977 5867
0.440163 -0.878320 0.186577 13.359831 5003 5004
-0.742676 -0.053932 0.667476 28.309177 5014 5056
0.396849 0.880048 0.260817 7.541108 5028 5079
-0.206698 0.565466 0.798451 16.298734 5031 5681
0.515764 -0.817493 0.256305 33.313516 5043 5324
0.705293 -0.705990 -0.064343 19.043971 5106 5107
-0.245196 0.407529 0.879658 24.194206 5106 6175
-0.024637 -0.936374 0.350137 24.056673 5111 5612
-0.128577 -0.240995 0.961972 14.568608 5114 5809
-0.151526 0.918129 0.366169 11.381295 5121 5246
-0.517023 0.129126 0.846176 17.428732 5136 5269
0.174032 0.651608 0.738323 12.309808 5140 5553
-0.325663 -0.251355 0.911463 9.450115 5143 5699
0.080362 -0.436676 0.896022 27.469894 5157 6382
0.552183 -0.707130 0.441658 5.621506 5166 5313
0.304493 -0.551642 0.776515 35.483707 5169 5737
-0.924286 -0.278528 0.260994 12.141072 5178 5223
0.467456 0.839957 0.275603 6.305911 5187 5277
-0.219821 -0.429394 0.875956 31.255372 5193 6514
0.489567 -0.277612 0.826593 17.611762 5194 5898
-0.233951 -0.837366 0.494050 32.276111 5203 6234
-0.445752 0.551799 -0.704856 33.781169 5218 5315
0.174324 0.856201 -0.486344 36.646665 5218 5497
-0.449130 0.768663 -0.455455 27.868428 5218 5832
0.330919 0.936938 -0.112427 29.507944 5218 6301
-0.866123 0.282492 0.412347 14.514519 5226 5463
0.774909 -0.509427 0.374167 13.226039 5226 5466
-0.356361 -0.780108 0.514235 30.157161 5227 6352
0.485330 -0.703233 0.519536 11.792785 5234 5478
-0.513396 -0.771383 0.376024 14.601437 5238 5515
-0.001603 -0.910590 0.413307 14.673875 5244 5579
0.713250 -0.700008 -0.035561 9.968624 5245 5247
0.723639 -0.670418 0.163970 18.688024 5248 5390
-0.518531 0.562654 0.643853 21.392925 5260 5964
-0.160812 -0.246614 0.955678 27.383489 5263 6843
0.391764 -0.919675 -0.026812 23.792791 5269 5839
-0.318882 0.076761 0.944681 17.277538 5275 6266
0.539881 -0.810961 0.225545 45.079619 5280 5800
-0.863075 0.315353 0.394529 19.941658 5284 5651
-0.662503 0.144079 0.735072 23.491919 5296 5948
-0.203493 -0.371772 0.905746 22.972384 5298 6379
0.496349 -0.246477 0.832398 22.833671 5305 6144
0.985039 -0.031456 0.169435 21.566318 5310 5355
-0.587371 -0.726751 0.356130 19.192138 5311 5494
0.510672 -0.200262 0.836127 25.142822 5311 6197
-0.228848 -0.429562 0.873559 31.060922 5311 6523
-0.019641 -0.969637 0.243759 37.611706 5324 5695
-0.334485 0.854547 0.397328 41.270292 5324 6306
0.450761 -0.530411 0.717968 41.033027 5324 6767
-0.406483 -0.303650 0.861724 25.837532 5356 6392
-0.435544 0.621651 0.651038 33.638414 5359 5737
0.522067 -0.637296 0.566833 22.302693 5368 5982
0.495266 -0.542411 0.678604 20.758659 5374 6175
-0.462374 0.034122 0.886028 40.896105 5381 6229
-0.568150 -0.104046 0.816321 17.707938 5392 6098
-0.065012 -0.282012 0.957206 34.231039 5393 6790
0.204247 0.902538 0.379088 27.193967 5402 5833
-0.399929 0.393816 0.827626 15.032821 5407 5973
0.024851 -0.686028 0.727151 15.692515 5407 5974
0.117731 -0.943552 0.309594 24.193977 5409 5743
-0.425805 0.229752 0.875160 13.302643 5411 6071
0.395467 -0.151846 0.905842 28.203646 5430 6087
-0.544842 -0.201398 0.813994 7.120764 5436 5720
-0.048034 0.422744 0.904975 16.042336 5439 6052
0.563992 -0.807867 0.171068 13.737871 5458 5546
-0.615399 -0.378786 0.691234 14.703832 5478 6030
-0.437210 0.183164 0.880510 22.174978 5482 6470
-0.323377 -0.649221 0.688433 31.167545 5488 5669
-0.412382 -0.179388 0.893175 10.058545 5490 5627
-0.237674 0.970781 -0.033090 50.731445 5499 5836
0.422595 -0.906298 -0.006184 25.686906 5501 5838
-0.369608 0.519890 0.770132 11.158349 5502 5976
-0.448775 0.071074 0.890814 32.923278 5506 6693
0.622886 -0.621139 0.475605 28.953569 5513 5805
0.372198 -0.672273 0.639936 37.395824 5517 6584
-0.314535 -0.098769 0.944093 29.222808 5563 6883
0.834281 -0.235678 -0.498429 24.540269 5568 5815
0.732359 -0.355387 0.580818 21.624081 5568 6431
-0.008961 -0.769712 0.638328 17.320374 5569 6089
0.019322 -0.858542 0.512379 20.983950 5570 5997
0.684728 -0.498290 0.531840 32.659968 5592 6451
0.732814 -0.019612 0.680147 24.927607 5606 6460
0.066199 -0.612253 0.787886 25.912703 5606 6543
0.378829 0.465006 0.800162 21.120714 5608 6462
-0.643922 0.710330 0.284245 8.811517 5616 5655
-0.659194 0.286771 0.695144 17.368893 5627 6480
-0.610680 -0.677097 0.410620 12.259712 5639 5922
-0.800609 0.592429 0.089744 15.836976 5662 5767
-0.466657 -0.671419 0.575698 33.300078 5667 6590
-0.404839 -0.053402 0.912827 26.558353 5668 6780
-0.929236 0.321445 0.182191 30.731289 5669 6380
0.070373 -0.826495 0.558528 35.806531 5669 7088
-0.016636 0.651109 0.758802 21.582457 5671 6435
0.717894 0.212193 -0.663025 18.424343 5697 5698
0.865414 -0.499275 0.042236 10.736286 5697 6310
0.743769 -0.472299 0.473014 24.698697 5697 6741
-0.243163 -0.572774 0.782817 16.184190 5698 6310
-0.477335 0.064756 0.876332 16.618040 5731 6393
0.319864 0.900512 0.294559 31.822837 5737 6800
-0.395371 0.852636 0.341604 34.786091 5737 6867
-0.472428 -0.772899 0.423602 35.374210 5737 6967
0.240958 -0.674924 0.697436 31.031209 5739 7009
0.242522 -0.107416 0.964181 15.537166 5741 6452
-0.106834 -0.783828 0.611719 24.371282 5752 6263
0.414289 -0.867431 0.275551 8.718826 5759 5849
-0.074384 0.123891 0.989504 13.494756 5759 6419
-0.060742 0.051699 0.996814 17.169544 5767 6585
-0.434777 -0.610925 0.661619 29.979965 5775 6676
-0.218873 -0.477500 0.850934 39.125297 5789 5836
-0.385447 0.513744 0.766485 27.143215 5789 6257
-0.415165 -0.275305 0.867090 14.863474 5817 6554
0.300985 0.777320 0.552433 17.572504 5825 6241
-0.043406 -0.702142 0.710713 32.221755 5825 6839
-0.534571 -0.250599 0.807115 20.220138 5827 6104
-0.861608 0.492603 0.122367 21.342515 5829 5964
0.800530 -0.197073 0.565963 19.168212 5851 6363
0.297249 -0.751188 0.589372 20.181652 5869 6446
-0.069363 -0.676641 0.733038 16.518549 5876 6302
0.441727 -0.861651 0.249869 21.007456 5884 6211
0.539220 -0.342374 0.769429 13.841889 5898 6370
-0.939302 0.204450 0.275523 5.409106 5910 6003
-0.674911 0.662395 0.325158 15.951419 5920 6199
-0.275965 0.952399 0.129537 24.381733 5953 6135
0.794064 -0.529306 0.298827 18.560657 5961 6295
-0.850175 0.443175 0.284250 16.192454 5962 6146
0.046125 0.880786 0.471263 42.161097 5971 6844
-0.010449 -0.407234 0.913264 35.170823 5971 7073
0.067502 0.162936 0.984325 26.354557 5986 7014
0.018796 -0.713903 0.699992 25.037537 6001 6781
-0.128375 0.571748 0.810323 21.762750 6027 6657
0.527249 -0.770137 0.359023 21.913597 6039 6426
0.126344 -0.324124 0.937540 28.453410 6063 7027
-0.056400 0.936477 0.346164 26.973933 6079 6418
-0.397929 0.833544 0.383219 28.880448 6079 6544
0.768979 -0.376694 0.516501 27.729106 6085 6777
-0.430560 -0.504742 0.748233 13.390146 6088 6631
-0.712182 0.082091 0.697178 23.501369 6109 6844
-0.043567 -0.433622 0.900041 23.237480 6125 6934
-0.220665 -0.655447 0.722285 15.425176 6131 6587
-0.890208 0.392762 0.230797 17.991942 6132 6430
0.354388 -0.309049 0.882552 31.144289 6138 6945
-0.363250 -0.032864 0.931112 20.020442 6141 6899
0.366858 -0.863023 -0.347284 23.440595 6154 6566
-0.292508 0.950798 -0.102087 15.983059 6157 6253
0.211747 -0.930159 0.299946 15.749424 6163 6205
-0.224266 -0.969022 0.103442 18.946604 6173 6269
-0.648279 0.097429 0.755144 43.448395 6184 7110
0.662454 -0.709062 0.241630 25.745272 6189 6437
0.067248 -0.631890 0.772135 19.635006 6200 6844
0.436275 0.836067 -0.332651 22.116772 6206 6354
-0.098308 -0.112033 0.988830 16.741747 6218 6914
-0.811916 0.583158 0.026815 23.393239 6223 6277
-0.290568 0.893233 0.343081 14.764056 6223 6427
0.233717 -0.971575 0.037673 47.469189 6229 6975
-0.615293 0.777432 0.130437 49.799714 6229 7062
0.577325 -0.706842 0.408742 34.906332 6230 6780
-0.427310 0.825098 0.369621 49.563779 6234 6942
-0.689664 0.421294 0.588961 36.901912 6234 6976
0.035080 -0.788860 0.613571 33.779936 6234 7005
-0.528109 -0.198445 0.825664 38.810013 6234 7111
0.465425 -0.200486 0.862082 18.293210 6241 6902
0.905093 0.290766 0.310259 11.660507 6243 6392
0.467695 -0.169988 0.867390 10.402745 6245 6606
-0.403641 0.769285 0.495253 20.869793 6253 6799
-0.419250 -0.513453 0.748729 16.948121 6267 6852
0.597995 -0.728743 0.333669 24.506192 6268 6744
0.786808 0.077194 0.612352 11.253274 6275 6706
0.519495 -0.603961 0.604447 18.046814 6276 6707
0.488559 -0.026082 0.872141 20.104709 6311 6878
-0.062475 -0.231905 0.970730 25.828378 6312 7058
-0.691735 -0.647901 0.318946 17.612927 6316 6887
0.528831 -0.822837 0.208032 29.003816 6338 6647
-0.978566 -0.116526 0.169795 10.189426 6418 6544
-0.359731 0.880613 0.308408 22.006141 6437 6718
-0.821816 0.350444 0.449231 31.502115 6440 6946
-0.811106 -0.441752 0.383355 31.266080 6462 6881
-0.479582 -0.301381 0.824118 22.557881 6464 7068
0.570975 -0.657380 0.491771 13.879779 6493 6799
-0.253577 -0.657790 0.709232 12.400987 6509 6770
-0.192204 -0.608370 0.770029 17.692357 6540 6992
0.422306 -0.694856 0.582093 18.252008 6554 6916
-0.129188 -0.712923 0.689240 24.065008 6560 7043
-0.859322 0.509291 -0.046778 30.709816 6590 6632
-0.434873 0.712173 0.551086 19.551431 6614 7045
0.440932 -0.884732 0.151092 28.534139 6622 6734
0.304777 -0.524133 0.795233 17.792905 6627 7016
-0.255191 -0.913486 0.316894 9.293645 6642 6836
-0.969993 -0.167200 0.176514 33.375124 6697 6876
0.477916 -0.877438 0.041210 26.742707 6716 6756
-0.226401 0.910798 0.345238 29.104336 6723 7026
0.915254 -0.383478 0.123506 19.244837 6726 6794
-0.512198 0.587820 0.626195 13.862211 6737 6990
-0.657183 -0.723424 0.211585 15.095005 6749 6823
0.399142 -0.894719 0.200409 16.498860 6753 6919
-0.221820 0.221716 0.949546 9.911777 6759 7007
-0.846600 0.260808 0.463948 18.123848 6773 6997
-0.551849 -0.717620 0.424833 15.440580 6774 6957
-0.631635 0.039490 0.774260 10.616711 6777 6974
0.058087 -0.918388 0.391393 13.270896 6834 6944
0.003839 -0.841347 0.540481 15.573353 6849 7047
-0.134824 0.763094 0.632068 17.568496 6849 7094
0.726689 -0.676606 0.118858 14.719707 6862 6917
0.260475 -0.161610 0.951859 9.569133 6869 7064
0.222875 -0.930027 0.292192 16.133879 6870 7010
0.567258 -0.751476 0.336902 25.010746 6881 7059
-0.012567 -0.934972 0.354498 14.221530 6929 6987
-0.815253 0.499529 0.292973 16.354297 6940 7054
-0.054520 -0.349466 0.935362 5.335571 6943 7038
0.148169 -0.838072 0.525054 17.000321 6952 7091
-0.320551 -0.946155 0.045147 6.342789 6969 6988
-0.904369 0.423640 0.051439 9.878541 6977 7002
0.544487 -0.830317 0.118775 19.024019 7018 7052
0.736735 -0.650248 0.185469 20.117883 7024 7090
0.308401 -0.949196 0.062578 15.085731 7053 7097
-0.886194 0.314948 0.339807 10.912128 7120 7126
